10 8
20 15
30 20
40 25
50 30
60 35
70 40
80 45
90 50
100 55
110 60
120 67
130 76
140 84
150 93
160 100
170 107
180 115
190 123
200 129
210 135
220 143
230 148
240 156
250 163
260 169
270 175
280 181
290 184
300 187
310 192
320 196
330 200
340 206
350 212
360 216
370 223
380 227
390 233
400 238
410 239
420 243
430 248
440 255
450 259
460 264
470 268
480 274
490 277
500 280
510 283
520 287
530 292
540 299
550 300
560 303
570 306
580 310
590 315
600 320
610 326
620 330
630 335
640 338
650 344
660 348
670 355
680 358
690 359
700 361
710 365
720 368
730 371
740 375
750 377
760 381
770 385
780 388
790 392
800 396
810 399
820 402
830 406
840 409
850 413
860 418
870 423
880 425
890 429
900 432
910 436
920 440
930 444
940 448
950 451
960 456
970 463
980 468
990 472
1000 476
1010 479
1020 483
1030 487
1040 492
1050 496
1060 499
1070 503
1080 508
1090 514
1100 520
1110 524
1120 531
1130 534
1140 536
1150 540
1160 545
1170 548
1180 550
1190 553
1200 555
1210 559
1220 563
1230 567
1240 570
1250 573
1260 577
1270 582
1280 584
1290 586
1300 590
1310 592
1320 593
1330 594
1340 598
1350 602
1360 604
1370 607
1380 608
1390 611
1400 615
1410 617
1420 623
1430 626
1440 631
1450 631
1460 633
1470 636
1480 636
1490 637
1500 641
1510 643
1520 644
1530 648
1540 651
1550 653
1560 657
1570 661
1580 664
1590 667
1600 669
1610 671
1620 675
1630 678
1640 679
1650 680
1660 681
1670 681
1680 681
1690 682
1700 683
1710 685
1720 686
1730 687
1740 688
1750 689
1760 690
1770 692
1780 692
1790 694
1800 696
1810 698
1820 699
1830 700
1840 702
1850 704
1860 704
1870 706
1880 709
1890 711
1900 715
1910 718
1920 720
1930 723
1940 728
1950 730
1960 732
1970 733
1980 734
1990 737
2000 740
2010 743
2020 745
2030 747
2040 750
2050 752
2060 756
2070 758
2080 759
2090 761
2100 763
2110 765
2120 766
2130 768
2140 771
2150 774
2160 778
2170 780
2180 782
2190 784
2200 785
2210 785
2220 786
2230 789
2240 791
2250 794
2260 795
2270 795
2280 797
2290 799
2300 801
2310 802
2320 804
2330 806
2340 808
2350 809
2360 810
2370 812
2380 814
2390 815
2400 815
2410 816
2420 819
2430 822
2440 824
2450 826
2460 827
2470 830
2480 833
2490 836
2500 836
2510 841
2520 841
2530 841
2540 842
2550 843
2560 843
2570 845
2580 849
2590 850
2600 852
2610 854
2620 858
2630 862
2640 864
2650 871
2660 873
2670 876
2680 879
2690 880
2700 882
2710 884
2720 886
2730 887
2740 891
2750 892
2760 895
2770 898
2780 900
2790 904
2800 904
2810 905
2820 909
2830 909
2840 911
2850 913
2860 914
2870 917
2880 919
2890 920
2900 924
2910 926
2920 929
2930 932
2940 935
2950 938
2960 939
2970 940
2980 943
2990 944
3000 948
3010 950
3020 951
3030 952
3040 954
3050 955
3060 957
3070 959
3080 962
3090 965
3100 965
3110 970
3120 971
3130 972
3140 974
3150 976
3160 979
3170 980
3180 982
3190 984
3200 984
3210 984
3220 988
3230 989
3240 992
3250 996
3260 1000
3270 1002
3280 1005
3290 1007
3300 1007
3310 1009
3320 1012
3330 1014
3340 1016
3350 1018
3360 1020
3370 1022
3380 1024
3390 1025
3400 1027
3410 1029
3420 1029
3430 1031
3440 1033
3450 1037
3460 1041
3470 1044
3480 1046
3490 1050
3500 1053
3510 1054
3520 1057
3530 1061
3540 1063
3550 1066
3560 1067
3570 1070
3580 1075
3590 1078
3600 1081
3610 1082
3620 1083
3630 1085
3640 1085
3650 1085
3660 1086
3670 1087
3680 1089
3690 1090
3700 1091
3710 1093
3720 1093
3730 1094
3740 1095
3750 1097
3760 1098
3770 1100
3780 1102
3790 1105
3800 1106
3810 1107
3820 1109
3830 1113
3840 1114
3850 1114
3860 1115
3870 1115
3880 1116
3890 1118
3900 1119
3910 1120
3920 1120
3930 1124
3940 1124
3950 1125
3960 1129
3970 1131
3980 1134
3990 1134
4000 1137
4010 1140
4020 1141
4030 1141
4040 1143
4050 1144
4060 1145
4070 1146
4080 1149
4090 1153
4100 1159
4110 1161
4120 1161
4130 1162
4140 1166
4150 1166
4160 1166
4170 1166
4180 1167
4190 1169
4200 1173
4210 1176
4220 1178
4230 1180
4240 1182
4250 1185
4260 1187
4270 1188
4280 1190
4290 1193
4300 1195
4310 1197
4320 1197
4330 1198
4340 1201
4350 1203
4360 1203
4370 1205
4380 1207
4390 1208
4400 1208
4410 1209
4420 1209
4430 1210
4440 1211
4450 1212
4460 1212
4470 1214
4480 1215
4490 1215
4500 1219
4510 1219
4520 1222
4530 1225
4540 1226
4550 1226
4560 1227
4570 1229
4580 1230
4590 1233
4600 1236
4610 1239
4620 1240
4630 1241
4640 1243
4650 1244
4660 1244
4670 1245
4680 1248
4690 1249
4700 1251
4710 1252
4720 1254
4730 1255
4740 1257
4750 1261
4760 1262
4770 1264
4780 1266
4790 1272
4800 1274
4810 1277
4820 1280
4830 1281
4840 1281
4850 1283
4860 1285
4870 1286
4880 1287
4890 1288
4900 1293
4910 1296
4920 1297
4930 1299
4940 1301
4950 1302
4960 1306
4970 1307
4980 1309
4990 1312
5000 1313
5010 1313
5020 1315
5030 1316
5040 1317
5050 1319
5060 1320
5070 1321
5080 1322
5090 1324
5100 1327
5110 1328
5120 1329
5130 1330
5140 1330
5150 1331
5160 1333
5170 1335
5180 1337
5190 1337
5200 1337
5210 1338
5220 1339
5230 1339
5240 1339
5250 1340
5260 1342
5270 1344
5280 1344
5290 1348
5300 1349
5310 1349
5320 1351
5330 1351
5340 1355
5350 1359
5360 1362
5370 1363
5380 1364
5390 1365
5400 1369
5410 1370
5420 1373
5430 1373
5440 1373
5450 1375
5460 1375
5470 1376
5480 1379
5490 1379
5500 1379
5510 1382
5520 1384
5530 1386
5540 1388
5550 1390
5560 1391
5570 1393
5580 1394
5590 1394
5600 1395
5610 1397
5620 1400
5630 1401
5640 1403
5650 1405
5660 1406
5670 1406
5680 1407
5690 1411
5700 1412
5710 1413
5720 1414
5730 1415
5740 1415
5750 1417
5760 1420
5770 1424
5780 1424
5790 1427
5800 1429
5810 1429
5820 1431
5830 1434
5840 1436
5850 1439
5860 1444
5870 1447
5880 1452
5890 1458
5900 1461
5910 1467
5920 1471
5930 1473
5940 1474
5950 1476
5960 1477
5970 1478
5980 1479
5990 1481
6000 1483
6010 1484
6020 1485
6030 1487
6040 1489
6050 1490
6060 1491
6070 1492
6080 1494
6090 1494
6100 1496
6110 1498
6120 1499
6130 1500
6140 1501
6150 1502
6160 1504
6170 1506
6180 1506
6190 1508
6200 1510
6210 1511
6220 1512
6230 1513
6240 1516
6250 1516
6260 1519
6270 1521
6280 1523
6290 1523
6300 1523
6310 1524
6320 1527
6330 1527
6340 1528
6350 1529
6360 1531
6370 1532
6380 1533
6390 1536
6400 1538
6410 1541
6420 1542
6430 1544
6440 1544
6450 1546
6460 1546
6470 1546
6480 1547
6490 1549
6500 1550
6510 1551
6520 1553
6530 1556
6540 1557
6550 1559
6560 1560
6570 1560
6580 1562
6590 1565
6600 1567
6610 1567
6620 1568
6630 1569
6640 1569
6650 1570
6660 1572
6670 1573
6680 1573
6690 1575
6700 1577
6710 1578
6720 1579
6730 1579
6740 1579
6750 1582
6760 1585
6770 1587
6780 1589
6790 1591
6800 1592
6810 1594
6820 1596
6830 1598
6840 1600
6850 1600
6860 1600
6870 1602
6880 1605
6890 1610
6900 1612
6910 1612
6920 1614
6930 1616
6940 1617
6950 1618
6960 1620
6970 1621
6980 1621
6990 1624
7000 1625
7010 1627
7020 1627
7030 1627
7040 1629
7050 1629
7060 1629
7070 1631
7080 1631
7090 1632
7100 1634
7110 1634
7120 1635
7130 1635
7140 1638
7150 1641
7160 1642
7170 1646
7180 1646
7190 1647
7200 1647
7210 1648
7220 1648
7230 1652
7240 1653
7250 1653
7260 1653
7270 1657
7280 1657
7290 1657
7300 1659
7310 1662
7320 1663
7330 1665
7340 1668
7350 1671
7360 1675
7370 1678
7380 1679
7390 1682
7400 1682
7410 1684
7420 1685
7430 1685
7440 1687
7450 1688
7460 1689
7470 1691
7480 1693
7490 1694
7500 1698
7510 1698
7520 1701
7530 1701
7540 1704
7550 1704
7560 1705
7570 1708
7580 1710
7590 1713
7600 1715
7610 1716
7620 1717
7630 1718
7640 1720
7650 1721
7660 1721
7670 1722
7680 1722
7690 1722
7700 1722
7710 1724
7720 1725
7730 1727
7740 1728
7750 1730
7760 1731
7770 1732
7780 1735
7790 1736
7800 1739
7810 1740
7820 1740
7830 1743
7840 1746
7850 1747
7860 1747
7870 1748
7880 1751
7890 1753
7900 1755
7910 1756
7920 1756
7930 1756
7940 1757
7950 1759
7960 1759
7970 1760
7980 1760
7990 1760
8000 1761
8010 1763
8020 1763
8030 1766
8040 1768
8050 1768
8060 1770
8070 1770
8080 1771
8090 1771
8100 1772
8110 1774
8120 1778
8130 1781
8140 1786
8150 1788
8160 1789
8170 1793
8180 1794
8190 1795
8200 1795
8210 1797
8220 1800
8230 1800
8240 1800
8250 1802
8260 1803
8270 1803
8280 1803
8290 1804
8300 1806
8310 1806
8320 1808
8330 1809
8340 1811
8350 1811
8360 1813
8370 1814
8380 1817
8390 1818
8400 1819
8410 1820
8420 1821
8430 1821
8440 1821
8450 1822
8460 1824
8470 1825
8480 1827
8490 1827
8500 1828
8510 1828
8520 1830
8530 1832
8540 1833
8550 1834
8560 1837
8570 1838
8580 1840
8590 1840
8600 1845
8610 1846
8620 1849
8630 1854
8640 1856
8650 1857
8660 1860
8670 1862
8680 1864
8690 1869
8700 1871
8710 1871
8720 1871
8730 1873
8740 1874
8750 1877
8760 1880
8770 1881
8780 1885
8790 1885
8800 1886
8810 1889
8820 1893
8830 1894
8840 1896
8850 1897
8860 1899
8870 1900
8880 1901
8890 1901
8900 1902
8910 1903
8920 1905
8930 1907
8940 1910
8950 1911
8960 1913
8970 1913
8980 1915
8990 1917
9000 1917
9010 1919
9020 1920
9030 1920
9040 1922
9050 1925
9060 1927
9070 1928
9080 1929
9090 1932
9100 1932
9110 1933
9120 1935
9130 1937
9140 1939
9150 1940
9160 1940
9170 1944
9180 1946
9190 1948
9200 1948
9210 1949
9220 1949
9230 1951
9240 1951
9250 1952
9260 1953
9270 1957
9280 1958
9290 1959
9300 1961
9310 1961
9320 1965
9330 1966
9340 1968
9350 1968
9360 1968
9370 1968
9380 1969
9390 1969
9400 1970
9410 1971
9420 1972
9430 1972
9440 1974
9450 1974
9460 1975
9470 1977
9480 1978
9490 1979
9500 1980
9510 1980
9520 1985
9530 1986
9540 1987
9550 1987
9560 1988
9570 1989
9580 1990
9590 1990
9600 1992
9610 1993
9620 1998
9630 2001
9640 2003
9650 2005
9660 2005
9670 2006
9680 2006
9690 2008
9700 2010
9710 2010
9720 2011
9730 2012
9740 2012
9750 2014
9760 2017
9770 2017
9780 2020
9790 2022
9800 2026
9810 2029
9820 2030
9830 2030
9840 2031
9850 2031
9860 2034
9870 2036
9880 2037
9890 2038
9900 2038
9910 2039
9920 2040
9930 2042
9940 2043
9950 2044
9960 2045
9970 2046
9980 2047
9990 2048
10000 2051
10010 2052
10020 2055
10030 2055
10040 2055
10050 2056
10060 2057
10070 2059
10080 2060
10090 2061
10100 2064
10110 2064
10120 2065
10130 2065
10140 2066
10150 2067
10160 2068
10170 2071
10180 2072
10190 2072
10200 2074
10210 2075
10220 2077
10230 2077
10240 2077
10250 2078
10260 2079
10270 2079
10280 2080
10290 2080
10300 2081
10310 2082
10320 2083
10330 2083
10340 2083
10350 2085
10360 2086
10370 2087
10380 2087
10390 2089
10400 2090
10410 2091
10420 2093
10430 2093
10440 2096
10450 2099
10460 2099
10470 2100
10480 2101
10490 2103
10500 2104
10510 2104
10520 2106
10530 2108
10540 2108
10550 2109
10560 2110
10570 2111
10580 2112
10590 2113
10600 2114
10610 2115
10620 2115
10630 2116
10640 2118
10650 2121
10660 2124
10670 2125
10680 2126
10690 2127
10700 2127
10710 2128
10720 2128
10730 2129
10740 2130
10750 2132
10760 2132
10770 2133
10780 2133
10790 2135
10800 2135
10810 2136
10820 2139
10830 2139
10840 2139
10850 2139
10860 2141
10870 2141
10880 2148
10890 2148
10900 2148
10910 2149
10920 2153
10930 2157
10940 2157
10950 2157
10960 2157
10970 2158
10980 2158
10990 2159
11000 2161
11010 2161
11020 2163
11030 2164
11040 2164
11050 2168
11060 2168
11070 2170
11080 2172
11090 2176
11100 2178
11110 2179
11120 2179
11130 2180
11140 2181
11150 2181
11160 2182
11170 2182
11180 2184
11190 2184
11200 2185
11210 2187
11220 2188
11230 2189
11240 2191
11250 2191
11260 2193
11270 2194
11280 2196
11290 2200
11300 2203
11310 2203
11320 2203
11330 2203
11340 2206
11350 2206
11360 2207
11370 2209
11380 2209
11390 2211
11400 2211
11410 2212
11420 2213
11430 2214
11440 2214
11450 2215
11460 2215
11470 2215
11480 2215
11490 2216
11500 2216
11510 2218
11520 2219
11530 2220
11540 2221
11550 2221
11560 2221
11570 2221
11580 2222
11590 2222
11600 2223
11610 2223
11620 2223
11630 2223
11640 2223
11650 2224
11660 2225
11670 2225
11680 2225
11690 2225
11700 2226
11710 2226
11720 2227
11730 2227
11740 2227
11750 2227
11760 2228
11770 2228
11780 2229
11790 2229
11800 2231
11810 2231
11820 2231
11830 2231
11840 2232
11850 2233
11860 2234
11870 2235
11880 2235
11890 2236
11900 2236
11910 2236
11920 2239
11930 2240
11940 2242
11950 2242
11960 2243
11970 2244
11980 2245
11990 2246
12000 2246
12010 2247
12020 2248
12030 2249
12040 2251
12050 2251
12060 2254
12070 2255
12080 2257
12090 2257
12100 2257
12110 2259
12120 2259
12130 2259
12140 2259
12150 2260
12160 2261
12170 2261
12180 2263
12190 2263
12200 2263
12210 2263
12220 2265
12230 2266
12240 2267
12250 2268
12260 2269
12270 2270
12280 2272
12290 2274
12300 2275
12310 2276
12320 2277
12330 2277
12340 2278
12350 2278
12360 2278
12370 2278
12380 2279
12390 2280
12400 2280
12410 2282
12420 2282
12430 2282
12440 2284
12450 2284
12460 2285
12470 2287
12480 2288
12490 2289
12500 2289
12510 2290
12520 2291
12530 2292
12540 2292
12550 2293
12560 2293
12570 2293
12580 2293
12590 2296
12600 2297
12610 2299
12620 2299
12630 2299
12640 2299
12650 2299
12660 2300
12670 2300
12680 2300
12690 2300
12700 2300
12710 2300
12720 2300
12730 2302
12740 2302
12750 2304
12760 2305
12770 2305
12780 2307
12790 2307
12800 2309
12810 2310
12820 2312
12830 2313
12840 2317
12850 2320
12860 2322
12870 2324
12880 2325
12890 2325
12900 2325
12910 2325
12920 2325
12930 2325
12940 2325
12950 2326
12960 2327
12970 2329
12980 2330
12990 2330
13000 2330
13010 2331
13020 2332
13030 2332
13040 2333
13050 2335
13060 2335
13070 2336
13080 2337
13090 2339
13100 2339
13110 2340
13120 2341
13130 2341
13140 2342
13150 2345
13160 2347
13170 2347
13180 2347
13190 2348
13200 2350
13210 2351
13220 2351
13230 2351
13240 2352
13250 2354
13260 2355
13270 2357
13280 2357
13290 2357
13300 2359
13310 2361
13320 2361
13330 2362
13340 2364
13350 2365
13360 2366
13370 2366
13380 2367
13390 2367
13400 2368
13410 2368
13420 2368
13430 2368
13440 2369
13450 2370
13460 2371
13470 2372
13480 2373
13490 2373
13500 2373
13510 2373
13520 2373
13530 2373
13540 2373
13550 2374
13560 2374
13570 2374
13580 2375
13590 2376
13600 2378
13610 2379
13620 2379
13630 2379
13640 2379
13650 2379
13660 2379
13670 2380
13680 2380
13690 2380
13700 2380
13710 2380
13720 2382
13730 2383
13740 2383
13750 2383
13760 2383
13770 2385
13780 2385
13790 2386
13800 2386
13810 2386
13820 2386
13830 2387
13840 2388
13850 2388
13860 2388
13870 2388
13880 2388
13890 2389
13900 2389
13910 2390
13920 2391
13930 2391
13940 2391
13950 2391
13960 2391
13970 2391
13980 2391
13990 2392
14000 2392
14010 2393
14020 2397
14030 2398
14040 2399
14050 2399
14060 2400
14070 2400
14080 2400
14090 2400
14100 2402
14110 2402
14120 2403
14130 2403
14140 2403
14150 2403
14160 2404
14170 2405
14180 2406
14190 2407
14200 2407
14210 2407
14220 2408
14230 2409
14240 2409
14250 2409
14260 2411
14270 2412
14280 2413
14290 2414
14300 2414
14310 2414
14320 2414
14330 2414
14340 2415
14350 2416
14360 2416
14370 2417
14380 2417
14390 2417
14400 2417
14410 2417
14420 2418
14430 2418
14440 2420
14450 2421
14460 2422
14470 2423
14480 2423
14490 2423
14500 2423
14510 2423
14520 2423
14530 2423
14540 2423
14550 2424
14560 2426
14570 2426
14580 2426
14590 2426
14600 2426
14610 2427
14620 2427
14630 2427
14640 2427
14650 2427
14660 2427
14670 2427
14680 2427
14690 2427
14700 2429
14710 2429
14720 2431
14730 2431
14740 2431
14750 2434
14760 2435
14770 2436
14780 2436
14790 2436
14800 2437
14810 2438
14820 2439
14830 2439
14840 2441
14850 2442
14860 2443
14870 2445
14880 2446
14890 2447
14900 2448
14910 2448
14920 2448
14930 2450
14940 2452
14950 2452
14960 2452
14970 2453
14980 2454
14990 2454
15000 2456
15010 2457
15020 2457
15030 2457
15040 2457
15050 2457
15060 2458
15070 2461
15080 2461
15090 2461
15100 2461
15110 2463
15120 2463
15130 2463
15140 2464
15150 2465
15160 2465
15170 2465
15180 2465
15190 2465
15200 2465
15210 2466
15220 2469
15230 2469
15240 2471
15250 2471
15260 2472
15270 2473
15280 2473
15290 2473
15300 2473
15310 2473
15320 2473
15330 2473
15340 2473
15350 2473
15360 2473
15370 2474
15380 2474
15390 2476
15400 2476
15410 2476
15420 2476
15430 2476
15440 2478
15450 2478
15460 2479
15470 2479
15480 2481
15490 2482
15500 2482
15510 2483
15520 2484
15530 2486
15540 2487
15550 2488
15560 2488
15570 2490
15580 2493
15590 2493
15600 2494
15610 2495
15620 2495
15630 2496
15640 2496
15650 2496
15660 2497
15670 2497
15680 2497
15690 2497
15700 2498
15710 2498
15720 2498
15730 2499
15740 2499
15750 2499
15760 2500
15770 2500
15780 2502
15790 2502
15800 2502
15810 2502
15820 2502
15830 2503
15840 2503
15850 2503
15860 2503
15870 2503
15880 2503
15890 2503
15900 2503
15910 2505
15920 2505
15930 2506
15940 2506
15950 2506
15960 2507
15970 2508
15980 2509
15990 2510
16000 2510
16010 2511
16020 2513
16030 2514
16040 2514
16050 2515
16060 2515
16070 2515
16080 2515
16090 2516
16100 2518
16110 2519
16120 2519
16130 2519
16140 2519
16150 2519
16160 2519
16170 2519
16180 2519
16190 2519
16200 2519
16210 2519
16220 2519
16230 2519
16240 2519
16250 2519
16260 2519
16270 2520
16280 2520
16290 2522
16300 2523
16310 2523
16320 2523
16330 2524
16340 2525
16350 2526
16360 2526
16370 2528
16380 2529
16390 2529
16400 2529
16410 2530
16420 2530
16430 2530
16440 2530
16450 2532
16460 2534
16470 2534
16480 2535
16490 2535
16500 2536
16510 2536
16520 2536
16530 2536
16540 2537
16550 2537
16560 2538
16570 2538
16580 2538
16590 2538
16600 2538
16610 2538
16620 2538
16630 2538
16640 2540
16650 2540
16660 2540
16670 2542
16680 2543
16690 2543
16700 2543
16710 2543
16720 2544
16730 2544
16740 2544
16750 2545
16760 2545
16770 2545
16780 2546
16790 2548
16800 2548
16810 2551
16820 2552
16830 2552
16840 2554
16850 2554
16860 2555
16870 2555
16880 2557
16890 2557
16900 2557
16910 2557
16920 2558
16930 2560
16940 2560
16950 2561
16960 2562
16970 2563
16980 2563
16990 2564
17000 2565
17010 2565
17020 2566
17030 2566
17040 2566
17050 2566
17060 2567
17070 2568
17080 2568
17090 2568
17100 2568
17110 2568
17120 2569
17130 2569
17140 2569
17150 2570
17160 2570
17170 2570
17180 2570
17190 2570
17200 2570
17210 2572
17220 2572
17230 2572
17240 2573
17250 2575
17260 2577
17270 2577
17280 2577
17290 2578
17300 2578
17310 2579
17320 2579
17330 2579
17340 2581
17350 2582
17360 2582
17370 2583
17380 2583
17390 2583
17400 2584
17410 2584
17420 2586
17430 2589
17440 2589
17450 2590
17460 2591
17470 2591
17480 2593
17490 2593
17500 2594
17510 2595
17520 2595
17530 2597
17540 2597
17550 2599
17560 2599
17570 2599
17580 2600
17590 2600
17600 2600
17610 2601
17620 2602
17630 2602
17640 2603
17650 2604
17660 2605
17670 2605
17680 2606
17690 2607
17700 2607
17710 2609
17720 2609
17730 2610
17740 2612
17750 2613
17760 2615
17770 2615
17780 2616
17790 2616
17800 2616
17810 2617
17820 2618
17830 2619
17840 2620
17850 2622
17860 2622
17870 2622
17880 2622
17890 2624
17900 2625
17910 2627
17920 2627
17930 2627
17940 2627
17950 2628
17960 2628
17970 2629
17980 2629
17990 2629
18000 2629
18010 2630
18020 2630
18030 2630
18040 2630
18050 2630
18060 2630
18070 2630
18080 2631
18090 2631
18100 2633
18110 2634
18120 2635
18130 2635
18140 2636
18150 2637
18160 2638
18170 2639
18180 2639
18190 2640
18200 2640
18210 2642
18220 2643
18230 2644
18240 2644
18250 2644
18260 2644
18270 2644
18280 2644
18290 2646
18300 2647
18310 2648
18320 2650
18330 2651
18340 2652
18350 2654
18360 2654
18370 2654
18380 2654
18390 2654
18400 2654
18410 2655
18420 2655
18430 2656
18440 2656
18450 2656
18460 2656
18470 2656
18480 2656
18490 2657
18500 2659
18510 2659
18520 2660
18530 2661
18540 2661
18550 2662
18560 2662
18570 2663
18580 2665
18590 2665
18600 2665
18610 2665
18620 2666
18630 2667
18640 2667
18650 2667
18660 2667
18670 2667
18680 2667
18690 2667
18700 2669
18710 2669
18720 2669
18730 2669
18740 2669
18750 2670
18760 2670
18770 2670
18780 2670
18790 2672
18800 2672
18810 2673
18820 2674
18830 2676
18840 2676
18850 2677
18860 2678
18870 2679
18880 2679
18890 2680
18900 2680
18910 2681
18920 2683
18930 2683
18940 2683
18950 2683
18960 2683
18970 2683
18980 2684
18990 2684
19000 2685
19010 2685
19020 2685
19030 2685
19040 2685
19050 2687
19060 2688
19070 2689
19080 2691
19090 2691
19100 2691
19110 2691
19120 2692
19130 2692
19140 2692
19150 2692
19160 2692
19170 2693
19180 2693
19190 2694
19200 2695
19210 2697
19220 2697
19230 2697
19240 2698
19250 2699
19260 2701
19270 2701
19280 2701
19290 2701
19300 2703
19310 2703
19320 2703
19330 2703
19340 2704
19350 2704
19360 2704
19370 2704
19380 2705
19390 2705
19400 2705
19410 2706
19420 2707
19430 2707
19440 2708
19450 2709
19460 2709
19470 2709
19480 2709
19490 2710
19500 2711
19510 2712
19520 2712
19530 2712
19540 2714
19550 2715
19560 2717
19570 2718
19580 2718
19590 2718
19600 2718
19610 2718
19620 2718
19630 2720
19640 2722
19650 2726
19660 2727
19670 2727
19680 2728
19690 2729
19700 2730
19710 2730
19720 2731
19730 2731
19740 2731
19750 2732
19760 2732
19770 2734
19780 2737
19790 2738
19800 2739
19810 2741
19820 2741
19830 2742
19840 2742
19850 2743
19860 2744
19870 2744
19880 2744
19890 2745
19900 2745
19910 2745
19920 2745
19930 2745
19940 2745
19950 2747
19960 2747
19970 2749
19980 2751
19990 2752
20000 2754
20010 2754
20020 2756
20030 2756
20040 2757
20050 2758
20060 2758
20070 2758
20080 2761
20090 2761
20100 2761
20110 2761
20120 2761
20130 2761
20140 2763
20150 2764
20160 2764
20170 2764
20180 2766
20190 2766
20200 2767
20210 2767
20220 2767
20230 2767
20240 2767
20250 2767
20260 2767
20270 2767
20280 2767
20290 2767
20300 2767
20310 2769
20320 2769
20330 2769
20340 2769
20350 2769
20360 2769
20370 2770
20380 2771
20390 2772
20400 2773
20410 2773
20420 2774
20430 2774
20440 2774
20450 2774
20460 2774
20470 2775
20480 2775
20490 2775
20500 2777
20510 2777
20520 2777
20530 2777
20540 2779
20550 2781
20560 2786
20570 2787
20580 2788
20590 2791
20600 2792
20610 2793
20620 2798
20630 2799
20640 2799
20650 2799
20660 2799
20670 2799
20680 2801
20690 2802
20700 2805
20710 2806
20720 2807
20730 2807
20740 2810
20750 2810
20760 2811
20770 2811
20780 2811
20790 2813
20800 2815
20810 2818
20820 2820
20830 2828
20840 2830
20850 2830
20860 2831
20870 2831
20880 2833
20890 2835
20900 2836
20910 2836
20920 2838
20930 2838
20940 2839
20950 2842
20960 2843
20970 2843
20980 2844
20990 2846
21000 2848
21010 2848
21020 2849
21030 2851
21040 2851
21050 2852
21060 2853
21070 2854
21080 2855
21090 2855
21100 2856
21110 2856
21120 2856
21130 2857
21140 2858
21150 2859
21160 2859
21170 2861
21180 2863
21190 2864
21200 2864
21210 2865
21220 2865
21230 2866
21240 2867
21250 2868
21260 2868
21270 2868
21280 2869
21290 2870
21300 2870
21310 2870
21320 2870
21330 2870
21340 2870
21350 2871
21360 2871
21370 2872
21380 2872
21390 2872
21400 2872
21410 2872
21420 2875
21430 2875
21440 2875
21450 2878
21460 2878
21470 2879
21480 2879
21490 2880
21500 2881
21510 2881
21520 2881
21530 2881
21540 2881
21550 2881
21560 2882
21570 2882
21580 2883
21590 2883
21600 2885
21610 2887
21620 2887
21630 2888
21640 2890
21650 2892
21660 2892
21670 2893
21680 2894
21690 2895
21700 2895
21710 2896
21720 2896
21730 2896
21740 2896
21750 2896
21760 2897
21770 2897
21780 2897
21790 2897
21800 2898
21810 2898
21820 2899
21830 2901
21840 2901
21850 2901
21860 2902
21870 2904
21880 2905
21890 2906
21900 2909
21910 2909
21920 2909
21930 2912
21940 2914
21950 2915
21960 2916
21970 2916
21980 2917
21990 2919
22000 2920
22010 2920
22020 2920
22030 2920
22040 2920
22050 2922
22060 2922
22070 2923
22080 2925
22090 2925
22100 2927
22110 2927
22120 2927
22130 2928
22140 2928
22150 2928
22160 2930
22170 2930
22180 2931
22190 2933
22200 2933
22210 2933
22220 2934
22230 2934
22240 2934
22250 2936
22260 2936
22270 2937
22280 2937
22290 2937
22300 2937
22310 2938
22320 2939
22330 2939
22340 2939
22350 2940
22360 2941
22370 2942
22380 2943
22390 2943
22400 2943
22410 2943
22420 2944
22430 2944
22440 2944
22450 2944
22460 2944
22470 2946
22480 2948
22490 2949
22500 2949
22510 2950
22520 2950
22530 2952
22540 2952
22550 2952
22560 2952
22570 2952
22580 2952
22590 2953
22600 2953
22610 2953
22620 2953
22630 2953
22640 2953
22650 2953
22660 2953
22670 2953
22680 2953
22690 2953
22700 2953
22710 2953
22720 2953
22730 2953
22740 2954
22750 2954
22760 2955
22770 2955
22780 2955
22790 2955
22800 2956
22810 2958
22820 2959
22830 2960
22840 2961
22850 2961
22860 2961
22870 2961
22880 2961
22890 2961
22900 2961
22910 2961
22920 2961
22930 2961
22940 2961
22950 2961
22960 2962
22970 2962
22980 2962
22990 2963
23000 2963
23010 2963
23020 2963
23030 2963
23040 2963
23050 2963
23060 2965
23070 2965
23080 2965
23090 2965
23100 2966
23110 2967
23120 2967
23130 2967
23140 2968
23150 2969
23160 2969
23170 2969
23180 2970
23190 2970
23200 2970
23210 2970
23220 2970
23230 2970
23240 2970
23250 2970
23260 2970
23270 2971
23280 2972
23290 2974
23300 2974
23310 2976
23320 2976
23330 2976
23340 2977
23350 2977
23360 2977
23370 2977
23380 2977
23390 2977
23400 2977
23410 2977
23420 2977
23430 2977
23440 2977
23450 2977
23460 2977
23470 2977
23480 2978
23490 2978
23500 2979
23510 2979
23520 2979
23530 2979
23540 2980
23550 2980
23560 2980
23570 2980
23580 2981
23590 2981
23600 2981
23610 2981
23620 2981
23630 2983
23640 2984
23650 2984
23660 2984
23670 2984
23680 2984
23690 2984
23700 2984
23710 2985
23720 2986
23730 2987
23740 2988
23750 2988
23760 2989
23770 2989
23780 2990
23790 2991
23800 2991
23810 2991
23820 2991
23830 2992
23840 2992
23850 2993
23860 2993
23870 2993
23880 2993
23890 2993
23900 2993
23910 2994
23920 2994
23930 2994
23940 2994
23950 2994
23960 2995
23970 2995
23980 2996
23990 2996
24000 2997
24010 2997
24020 2998
24030 2998
24040 2999
24050 2999
24060 2999
24070 3000
24080 3001
24090 3001
24100 3003
24110 3003
24120 3004
24130 3005
24140 3007
24150 3008
24160 3010
24170 3010
24180 3011
24190 3013
24200 3013
24210 3013
24220 3014
24230 3014
24240 3014
24250 3014
24260 3015
24270 3015
24280 3016
24290 3017
24300 3017
24310 3017
24320 3017
24330 3019
24340 3019
24350 3019
24360 3021
24370 3021
24380 3021
24390 3022
24400 3022
24410 3022
24420 3022
24430 3024
24440 3024
24450 3024
24460 3024
24470 3024
24480 3024
24490 3024
24500 3024
24510 3024
24520 3024
24530 3024
24540 3025
24550 3025
24560 3025
24570 3026
24580 3027
24590 3028
24600 3029
24610 3029
24620 3030
24630 3030
24640 3031
24650 3031
24660 3032
24670 3032
24680 3032
24690 3032
24700 3033
24710 3033
24720 3033
24730 3033
24740 3033
24750 3033
24760 3033
24770 3034
24780 3037
24790 3037
24800 3038
24810 3038
24820 3038
24830 3038
24840 3038
24850 3038
24860 3038
24870 3038
24880 3038
24890 3038
24900 3038
24910 3038
24920 3038
24930 3038
24940 3038
24950 3038
24960 3038
24970 3038
24980 3038
24990 3038
25000 3038
25010 3038
25020 3038
25030 3039
25040 3040
25050 3040
25060 3040
25070 3040
25080 3040
25090 3040
25100 3040
25110 3040
25120 3040
25130 3040
25140 3040
25150 3040
25160 3040
25170 3040
25180 3040
25190 3040
25200 3040
25210 3040
25220 3040
25230 3040
25240 3040
25250 3040
25260 3040
25270 3040
25280 3041
25290 3041
25300 3041
25310 3042
25320 3042
25330 3042
25340 3043
25350 3044
25360 3045
25370 3045
25380 3045
25390 3046
25400 3046
25410 3046
25420 3046
25430 3046
25440 3046
25450 3046
25460 3046
25470 3046
25480 3047
25490 3047
25500 3049
25510 3049
25520 3050
25530 3052
25540 3052
25550 3053
25560 3053
25570 3053
25580 3054
25590 3054
25600 3056
25610 3056
25620 3056
25630 3056
25640 3058
25650 3058
25660 3058
25670 3059
25680 3059
25690 3059
25700 3059
25710 3059
25720 3059
25730 3061
25740 3061
25750 3061
25760 3061
25770 3062
25780 3063
25790 3063
25800 3065
25810 3065
25820 3065
25830 3065
25840 3067
25850 3068
25860 3068
25870 3068
25880 3069
25890 3070
25900 3072
25910 3072
25920 3073
25930 3073
25940 3074
25950 3075
25960 3080
25970 3082
25980 3083
25990 3086
26000 3088
26010 3091
26020 3094
26030 3095
26040 3095
26050 3096
26060 3097
26070 3099
26080 3101
26090 3102
26100 3102
26110 3103
26120 3104
26130 3107
26140 3108
26150 3109
26160 3112
26170 3114
26180 3117
26190 3121
26200 3122
26210 3124
26220 3126
26230 3129
26240 3132
26250 3132
26260 3132
26270 3136
26280 3136
26290 3136
26300 3137
26310 3137
26320 3137
26330 3138
26340 3138
26350 3139
26360 3140
26370 3140
26380 3140
26390 3140
26400 3140
26410 3141
26420 3141
26430 3142
26440 3143
26450 3143
26460 3143
26470 3144
26480 3144
26490 3144
26500 3144
26510 3144
26520 3144
26530 3144
26540 3144
26550 3144
26560 3144
26570 3144
26580 3145
26590 3145
26600 3145
26610 3146
26620 3146
26630 3147
26640 3147
26650 3147
26660 3149
26670 3149
26680 3149
26690 3149
26700 3149
26710 3149
26720 3151
26730 3151
26740 3152
26750 3155
26760 3155
26770 3155
26780 3155
26790 3155
26800 3155
26810 3155
26820 3155
26830 3157
26840 3157
26850 3157
26860 3158
26870 3159
26880 3161
26890 3161
26900 3161
26910 3164
26920 3164
26930 3164
26940 3164
26950 3165
26960 3165
26970 3165
26980 3165
26990 3165
27000 3165
27010 3165
27020 3165
27030 3165
27040 3165
27050 3165
27060 3166
27070 3166
27080 3167
27090 3167
27100 3168
27110 3168
27120 3171
27130 3171
27140 3173
27150 3173
27160 3177
27170 3177
27180 3177
27190 3179
27200 3180
27210 3181
27220 3181
27230 3182
27240 3182
27250 3182
27260 3182
27270 3182
27280 3184
27290 3184
27300 3184
27310 3184
27320 3184
27330 3184
27340 3185
27350 3185
27360 3185
27370 3185
27380 3186
27390 3186
27400 3186
27410 3188
27420 3188
27430 3189
27440 3189
27450 3189
27460 3189
27470 3190
27480 3191
27490 3192
27500 3194
27510 3195
27520 3195
27530 3195
27540 3195
27550 3197
27560 3199
27570 3200
27580 3201
27590 3203
27600 3203
27610 3203
27620 3204
27630 3205
27640 3205
27650 3205
27660 3205
27670 3206
27680 3206
27690 3206
27700 3206
27710 3206
27720 3206
27730 3206
27740 3206
27750 3206
27760 3207
27770 3207
27780 3207
27790 3207
27800 3208
27810 3209
27820 3209
27830 3209
27840 3209
27850 3209
27860 3209
27870 3209
27880 3209
27890 3209
27900 3210
27910 3210
27920 3211
27930 3212
27940 3212
27950 3213
27960 3213
27970 3214
27980 3214
27990 3214
28000 3215
28010 3216
28020 3219
28030 3220
28040 3220
28050 3220
28060 3221
28070 3221
28080 3221
28090 3222
28100 3222
28110 3222
28120 3222
28130 3222
28140 3222
28150 3222
28160 3222
28170 3223
28180 3223
28190 3223
28200 3223
28210 3223
28220 3224
28230 3225
28240 3225
28250 3225
28260 3226
28270 3226
28280 3226
28290 3227
28300 3227
28310 3227
28320 3227
28330 3227
28340 3227
28350 3227
28360 3228
28370 3229
28380 3229
28390 3230
28400 3230
28410 3230
28420 3230
28430 3230
28440 3231
28450 3232
28460 3232
28470 3232
28480 3233
28490 3233
28500 3233
28510 3233
28520 3234
28530 3234
28540 3234
28550 3234
28560 3234
28570 3234
28580 3234
28590 3234
28600 3235
28610 3235
28620 3236
28630 3236
28640 3236
28650 3236
28660 3237
28670 3237
28680 3237
28690 3237
28700 3237
28710 3239
28720 3239
28730 3239
28740 3239
28750 3239
28760 3239
28770 3239
28780 3239
28790 3239
28800 3239
28810 3239
28820 3239
28830 3239
28840 3239
28850 3239
28860 3239
28870 3239
28880 3239
28890 3239
28900 3240
28910 3242
28920 3243
28930 3243
28940 3244
28950 3244
28960 3247
28970 3247
28980 3247
28990 3248
29000 3249
29010 3250
29020 3250
29030 3250
29040 3251
29050 3251
29060 3252
29070 3252
29080 3252
29090 3252
29100 3252
29110 3253
29120 3253
29130 3254
29140 3254
29150 3254
29160 3254
29170 3255
29180 3256
29190 3256
29200 3256
29210 3256
29220 3256
29230 3256
29240 3256
29250 3256
29260 3256
29270 3256
29280 3257
29290 3257
29300 3258
29310 3259
29320 3259
29330 3259
29340 3259
29350 3262
29360 3262
29370 3263
29380 3264
29390 3264
29400 3264
29410 3264
29420 3264
29430 3264
29440 3264
29450 3264
29460 3264
29470 3264
29480 3264
29490 3264
29500 3264
29510 3264
29520 3264
29530 3266
29540 3266
29550 3266
29560 3266
29570 3267
29580 3268
29590 3268
29600 3268
29610 3271
29620 3273
29630 3274
29640 3274
29650 3274
29660 3275
29670 3275
29680 3275
29690 3275
29700 3276
29710 3277
29720 3278
29730 3278
29740 3280
29750 3280
29760 3282
29770 3283
29780 3285
29790 3285
29800 3285
29810 3286
29820 3286
29830 3287
29840 3287
29850 3287
29860 3288
29870 3288
29880 3289
29890 3289
29900 3289
29910 3290
29920 3290
29930 3291
29940 3291
29950 3293
29960 3293
29970 3293
29980 3294
29990 3294
30000 3295
30010 3295
30020 3298
30030 3298
30040 3298
30050 3298
30060 3299
30070 3300
30080 3300
30090 3302
30100 3303
30110 3303
30120 3303
30130 3303
30140 3303
30150 3305
30160 3306
30170 3306
30180 3306
30190 3306
30200 3306
30210 3306
30220 3306
30230 3306
30240 3307
30250 3307
30260 3307
30270 3307
30280 3308
30290 3309
30300 3309
30310 3309
30320 3310
30330 3310
30340 3310
30350 3310
30360 3312
30370 3312
30380 3313
30390 3313
30400 3315
30410 3315
30420 3315
30430 3315
30440 3315
30450 3315
30460 3315
30470 3315
30480 3316
30490 3317
30500 3318
30510 3318
30520 3318
30530 3319
30540 3320
30550 3322
30560 3322
30570 3322
30580 3322
30590 3324
30600 3324
30610 3325
30620 3327
30630 3327
30640 3328
30650 3328
30660 3329
30670 3330
30680 3332
30690 3332
30700 3333
30710 3333
30720 3333
30730 3335
30740 3336
30750 3336
30760 3336
30770 3336
30780 3336
30790 3337
30800 3337
30810 3338
30820 3339
30830 3340
30840 3340
30850 3340
30860 3341
30870 3343
30880 3344
30890 3346
30900 3346
30910 3346
30920 3346
30930 3347
30940 3347
30950 3347
30960 3348
30970 3348
30980 3348
30990 3348
31000 3349
31010 3349
31020 3351
31030 3351
31040 3351
31050 3351
31060 3352
31070 3352
31080 3352
31090 3352
31100 3354
31110 3354
31120 3356
31130 3356
31140 3358
31150 3359
31160 3360
31170 3360
31180 3362
31190 3363
31200 3364
31210 3364
31220 3364
31230 3365
31240 3365
31250 3365
31260 3365
31270 3366
31280 3366
31290 3366
31300 3366
31310 3366
31320 3366
31330 3366
31340 3366
31350 3367
31360 3367
31370 3367
31380 3367
31390 3367
31400 3367
31410 3367
31420 3367
31430 3367
31440 3368
31450 3368
31460 3368
31470 3368
31480 3368
31490 3368
31500 3369
31510 3370
31520 3370
31530 3370
31540 3370
31550 3370
31560 3370
31570 3371
31580 3372
31590 3373
31600 3373
31610 3373
31620 3373
31630 3373
31640 3373
31650 3373
31660 3374
31670 3374
31680 3374
31690 3375
31700 3376
31710 3376
31720 3377
31730 3377
31740 3377
31750 3379
31760 3379
31770 3379
31780 3381
31790 3381
31800 3382
31810 3383
31820 3383
31830 3383
31840 3384
31850 3384
31860 3384
31870 3384
31880 3384
31890 3386
31900 3386
31910 3386
31920 3386
31930 3387
31940 3389
31950 3389
31960 3391
31970 3392
31980 3392
31990 3392
32000 3392
32010 3392
32020 3392
32030 3392
32040 3392
32050 3393
32060 3393
32070 3393
32080 3393
32090 3393
32100 3393
32110 3393
32120 3393
32130 3393
32140 3394
32150 3396
32160 3396
32170 3396
32180 3396
32190 3397
32200 3397
32210 3397
32220 3398
32230 3398
32240 3398
32250 3398
32260 3398
32270 3399
32280 3399
32290 3399
32300 3401
32310 3403
32320 3404
32330 3404
32340 3404
32350 3405
32360 3406
32370 3406
32380 3407
32390 3408
32400 3408
32410 3408
32420 3408
32430 3409
32440 3409
32450 3410
32460 3410
32470 3410
32480 3410
32490 3411
32500 3412
32510 3412
32520 3412
32530 3412
32540 3412
32550 3412
32560 3414
32570 3415
32580 3415
32590 3416
32600 3416
32610 3416
32620 3417
32630 3417
32640 3417
32650 3417
32660 3417
32670 3419
32680 3419
32690 3419
32700 3420
32710 3422
32720 3422
32730 3423
32740 3424
32750 3425
32760 3425
32770 3425
32780 3425
32790 3426
32800 3427
32810 3427
32820 3428
32830 3429
32840 3430
32850 3431
32860 3431
32870 3432
32880 3432
32890 3432
32900 3432
32910 3432
32920 3432
32930 3432
32940 3432
32950 3432
32960 3432
32970 3432
32980 3432
32990 3432
33000 3432
33010 3432
33020 3432
33030 3433
33040 3433
33050 3433
33060 3433
33070 3433
33080 3434
33090 3434
33100 3434
33110 3434
33120 3435
33130 3435
33140 3435
33150 3435
33160 3435
33170 3435
33180 3435
33190 3435
33200 3435
33210 3435
33220 3436
33230 3436
33240 3436
33250 3436
33260 3437
33270 3437
33280 3437
33290 3437
33300 3437
33310 3438
33320 3438
33330 3438
33340 3438
33350 3438
33360 3438
33370 3439
33380 3440
33390 3440
33400 3440
33410 3441
33420 3441
33430 3441
33440 3441
33450 3442
33460 3442
33470 3443
33480 3443
33490 3443
33500 3443
33510 3444
33520 3446
33530 3446
33540 3446
33550 3447
33560 3447
33570 3447
33580 3447
33590 3447
33600 3448
33610 3448
33620 3448
33630 3448
33640 3449
33650 3450
33660 3450
33670 3450
33680 3451
33690 3451
33700 3453
33710 3455
33720 3456
33730 3457
33740 3458
33750 3459
33760 3459
33770 3459
33780 3459
33790 3460
33800 3460
33810 3461
33820 3461
33830 3461
33840 3461
33850 3461
33860 3461
33870 3461
33880 3461
33890 3461
33900 3462
33910 3463
33920 3463
33930 3463
33940 3463
33950 3463
33960 3464
33970 3464
33980 3465
33990 3466
34000 3466
34010 3467
34020 3468
34030 3470
34040 3470
34050 3471
34060 3471
34070 3472
34080 3472
34090 3472
34100 3473
34110 3473
34120 3473
34130 3473
34140 3473
34150 3473
34160 3475
34170 3477
34180 3477
34190 3477
34200 3477
34210 3477
34220 3477
34230 3477
34240 3478
34250 3478
34260 3479
34270 3479
34280 3479
34290 3479
34300 3479
34310 3481
34320 3482
34330 3482
34340 3484
34350 3484
34360 3484
34370 3484
34380 3485
34390 3486
34400 3488
34410 3493
34420 3494
34430 3496
34440 3496
34450 3497
34460 3497
34470 3497
34480 3497
34490 3497
34500 3497
34510 3497
34520 3497
34530 3497
34540 3498
34550 3498
34560 3498
34570 3498
34580 3499
34590 3500
34600 3501
34610 3503
34620 3504
34630 3504
34640 3504
34650 3505
34660 3505
34670 3505
34680 3506
34690 3506
34700 3506
34710 3506
34720 3507
34730 3507
34740 3507
34750 3508
34760 3508
34770 3508
34780 3508
34790 3508
34800 3508
34810 3508
34820 3509
34830 3509
34840 3509
34850 3509
34860 3510
34870 3510
34880 3510
34890 3510
34900 3510
34910 3510
34920 3510
34930 3510
34940 3510
34950 3510
34960 3510
34970 3510
34980 3510
34990 3511
35000 3512
35010 3512
35020 3512
35030 3512
35040 3512
35050 3512
35060 3512
35070 3512
35080 3514
35090 3515
35100 3515
35110 3515
35120 3515
35130 3515
35140 3515
35150 3515
35160 3515
35170 3515
35180 3516
35190 3516
35200 3516
35210 3516
35220 3516
35230 3516
35240 3516
35250 3516
35260 3516
35270 3517
35280 3517
35290 3518
35300 3518
35310 3518
35320 3518
35330 3518
35340 3518
35350 3518
35360 3518
35370 3518
35380 3518
35390 3518
35400 3518
35410 3518
35420 3518
35430 3519
35440 3519
35450 3519
35460 3519
35470 3519
35480 3519
35490 3519
35500 3519
35510 3519
35520 3519
35530 3520
35540 3520
35550 3520
35560 3520
35570 3520
35580 3520
35590 3521
35600 3522
35610 3523
35620 3524
35630 3524
35640 3524
35650 3526
35660 3527
35670 3527
35680 3527
35690 3527
35700 3527
35710 3527
35720 3527
35730 3528
35740 3528
35750 3530
35760 3530
35770 3531
35780 3531
35790 3531
35800 3531
35810 3532
35820 3532
35830 3532
35840 3532
35850 3532
35860 3532
35870 3533
35880 3534
35890 3534
35900 3534
35910 3534
35920 3534
35930 3534
35940 3534
35950 3534
35960 3534
35970 3534
35980 3534
35990 3534
36000 3535
36010 3536
36020 3538
36030 3539
36040 3539
36050 3539
36060 3540
36070 3540
36080 3540
36090 3543
36100 3543
36110 3543
36120 3543
36130 3543
36140 3543
36150 3543
36160 3544
36170 3544
36180 3545
36190 3546
36200 3547
36210 3547
36220 3547
36230 3547
36240 3547
36250 3548
36260 3548
36270 3548
36280 3549
36290 3549
36300 3550
36310 3550
36320 3551
36330 3552
36340 3552
36350 3553
36360 3553
36370 3553
36380 3554
36390 3554
36400 3554
36410 3554
36420 3556
36430 3556
36440 3556
36450 3557
36460 3557
36470 3558
36480 3558
36490 3558
36500 3558
36510 3558
36520 3558
36530 3558
36540 3558
36550 3558
36560 3558
36570 3558
36580 3558
36590 3558
36600 3558
36610 3558
36620 3559
36630 3560
36640 3560
36650 3560
36660 3561
36670 3561
36680 3561
36690 3562
36700 3562
36710 3562
36720 3563
36730 3563
36740 3565
36750 3566
36760 3566
36770 3568
36780 3570
36790 3570
36800 3570
36810 3571
36820 3571
36830 3571
36840 3571
36850 3571
36860 3572
36870 3572
36880 3572
36890 3572
36900 3572
36910 3572
36920 3572
36930 3572
36940 3572
36950 3572
36960 3572
36970 3572
36980 3572
36990 3572
37000 3572
37010 3573
37020 3573
37030 3574
37040 3574
37050 3574
37060 3574
37070 3574
37080 3574
37090 3575
37100 3575
37110 3576
37120 3576
37130 3577
37140 3578
37150 3578
37160 3578
37170 3578
37180 3579
37190 3579
37200 3580
37210 3581
37220 3581
37230 3581
37240 3581
37250 3581
37260 3581
37270 3581
37280 3581
37290 3581
37300 3581
37310 3581
37320 3581
37330 3581
37340 3581
37350 3581
37360 3581
37370 3581
37380 3581
37390 3581
37400 3581
37410 3581
37420 3581
37430 3581
37440 3581
37450 3581
37460 3581
37470 3581
37480 3582
37490 3582
37500 3582
37510 3583
37520 3583
37530 3583
37540 3583
37550 3583
37560 3583
37570 3583
37580 3584
37590 3584
37600 3584
37610 3584
37620 3585
37630 3585
37640 3585
37650 3585
37660 3585
37670 3586
37680 3586
37690 3586
37700 3586
37710 3587
37720 3587
37730 3587
37740 3589
37750 3590
37760 3592
37770 3595
37780 3597
37790 3600
37800 3601
37810 3602
37820 3602
37830 3602
37840 3602
37850 3602
37860 3602
37870 3602
37880 3602
37890 3603
37900 3603
37910 3603
37920 3603
37930 3603
37940 3603
37950 3603
37960 3603
37970 3603
37980 3603
37990 3603
38000 3603
38010 3603
38020 3603
38030 3603
38040 3603
38050 3603
38060 3603
38070 3604
38080 3604
38090 3604
38100 3604
38110 3605
38120 3605
38130 3605
38140 3606
38150 3606
38160 3606
38170 3606
38180 3606
38190 3606
38200 3606
38210 3606
38220 3607
38230 3607
38240 3607
38250 3607
38260 3607
38270 3607
38280 3608
38290 3608
38300 3608
38310 3608
38320 3608
38330 3608
38340 3609
38350 3609
38360 3609
38370 3609
38380 3610
38390 3610
38400 3610
38410 3610
38420 3610
38430 3611
38440 3611
38450 3612
38460 3613
38470 3613
38480 3613
38490 3613
38500 3613
38510 3613
38520 3613
38530 3613
38540 3615
38550 3616
38560 3617
38570 3617
38580 3617
38590 3618
38600 3619
38610 3620
38620 3621
38630 3621
38640 3622
38650 3625
38660 3626
38670 3627
38680 3629
38690 3629
38700 3629
38710 3629
38720 3630
38730 3630
38740 3631
38750 3631
38760 3631
38770 3631
38780 3632
38790 3632
38800 3634
38810 3634
38820 3636
38830 3636
38840 3636
38850 3636
38860 3636
38870 3636
38880 3636
38890 3636
38900 3637
38910 3637
38920 3638
38930 3639
38940 3639
38950 3640
38960 3641
38970 3641
38980 3641
38990 3641
39000 3643
39010 3643
39020 3644
39030 3645
39040 3646
39050 3646
39060 3647
39070 3647
39080 3647
39090 3647
39100 3647
39110 3647
39120 3647
39130 3647
39140 3647
39150 3647
39160 3647
39170 3647
39180 3647
39190 3648
39200 3648
39210 3648
39220 3648
39230 3648
39240 3648
39250 3650
39260 3650
39270 3650
39280 3650
39290 3651
39300 3651
39310 3651
39320 3651
39330 3651
39340 3651
39350 3652
39360 3652
39370 3652
39380 3652
39390 3652
39400 3652
39410 3652
39420 3652
39430 3652
39440 3652
39450 3652
39460 3653
39470 3653
39480 3653
39490 3653
39500 3653
39510 3653
39520 3653
39530 3653
39540 3653
39550 3654
39560 3654
39570 3655
39580 3657
39590 3657
39600 3657
39610 3657
39620 3657
39630 3657
39640 3659
39650 3660
39660 3661
39670 3665
39680 3665
39690 3668
39700 3668
39710 3670
39720 3671
39730 3672
39740 3673
39750 3674
39760 3674
39770 3674
39780 3675
39790 3675
39800 3675
39810 3676
39820 3677
39830 3678
39840 3678
39850 3678
39860 3678
39870 3678
39880 3679
39890 3681
39900 3682
39910 3682
39920 3685
39930 3687
39940 3687
39950 3687
39960 3688
39970 3688
39980 3689
39990 3689
40000 3691
40010 3691
40020 3692
40030 3692
40040 3692
40050 3692
40060 3693
40070 3693
40080 3693
40090 3693
40100 3693
40110 3693
40120 3693
40130 3693
40140 3693
40150 3694
40160 3696
40170 3696
40180 3696
40190 3696
40200 3696
40210 3696
40220 3696
40230 3696
40240 3696
40250 3696
40260 3696
40270 3696
40280 3696
40290 3696
40300 3696
40310 3696
40320 3696
40330 3696
40340 3696
40350 3696
40360 3696
40370 3696
40380 3697
40390 3697
40400 3697
40410 3699
40420 3699
40430 3699
40440 3699
40450 3699
40460 3699
40470 3699
40480 3700
40490 3700
40500 3700
40510 3700
40520 3700
40530 3700
40540 3700
40550 3700
40560 3700
40570 3700
40580 3701
40590 3701
40600 3701
40610 3701
40620 3703
40630 3703
40640 3703
40650 3704
40660 3704
40670 3704
40680 3705
40690 3705
40700 3705
40710 3705
40720 3705
40730 3705
40740 3705
40750 3705
40760 3705
40770 3707
40780 3707
40790 3707
40800 3707
40810 3709
40820 3709
40830 3709
40840 3709
40850 3711
40860 3711
40870 3711
40880 3712
40890 3712
40900 3712
40910 3712
40920 3712
40930 3712
40940 3713
40950 3714
40960 3715
40970 3715
40980 3716
40990 3718
41000 3718
41010 3720
41020 3720
41030 3720
41040 3721
41050 3725
41060 3727
41070 3729
41080 3730
41090 3730
41100 3730
41110 3730
41120 3730
41130 3730
41140 3730
41150 3730
41160 3730
41170 3730
41180 3731
41190 3731
41200 3732
41210 3732
41220 3732
41230 3732
41240 3732
41250 3732
41260 3734
41270 3734
41280 3734
41290 3735
41300 3735
41310 3735
41320 3736
41330 3736
41340 3736
41350 3736
41360 3736
41370 3736
41380 3736
41390 3736
41400 3736
41410 3736
41420 3736
41430 3736
41440 3736
41450 3737
41460 3737
41470 3738
41480 3738
41490 3738
41500 3738
41510 3738
41520 3738
41530 3738
41540 3738
41550 3738
41560 3740
41570 3740
41580 3740
41590 3740
41600 3740
41610 3741
41620 3742
41630 3742
41640 3742
41650 3742
41660 3742
41670 3742
41680 3743
41690 3743
41700 3745
41710 3746
41720 3746
41730 3746
41740 3746
41750 3747
41760 3747
41770 3748
41780 3748
41790 3749
41800 3749
41810 3749
41820 3750
41830 3750
41840 3751
41850 3751
41860 3751
41870 3751
41880 3751
41890 3751
41900 3751
41910 3752
41920 3753
41930 3753
41940 3753
41950 3755
41960 3756
41970 3756
41980 3757
41990 3757
42000 3757
42010 3758
42020 3758
42030 3758
42040 3759
42050 3759
42060 3759
42070 3759
42080 3759
42090 3760
42100 3761
42110 3764
42120 3764
42130 3764
42140 3765
42150 3765
42160 3766
42170 3766
42180 3766
42190 3766
42200 3766
42210 3767
42220 3767
42230 3767
42240 3767
42250 3768
42260 3769
42270 3769
42280 3770
42290 3770
42300 3770
42310 3771
42320 3772
42330 3772
42340 3772
42350 3772
42360 3772
42370 3772
42380 3772
42390 3772
42400 3772
42410 3772
42420 3772
42430 3772
42440 3772
42450 3772
42460 3772
42470 3772
42480 3772
42490 3772
42500 3772
42510 3772
42520 3772
42530 3773
42540 3774
42550 3774
42560 3774
42570 3774
42580 3774
42590 3774
42600 3774
42610 3774
42620 3774
42630 3774
42640 3775
42650 3775
42660 3775
42670 3775
42680 3776
42690 3776
42700 3776
42710 3776
42720 3776
42730 3776
42740 3777
42750 3778
42760 3779
42770 3779
42780 3780
42790 3783
42800 3783
42810 3785
42820 3786
42830 3788
42840 3788
42850 3788
42860 3790
42870 3790
42880 3793
42890 3797
42900 3800
42910 3801
42920 3803
42930 3804
42940 3806
42950 3807
42960 3808
42970 3808
42980 3809
42990 3809
43000 3809
43010 3809
43020 3809
43030 3809
43040 3809
43050 3809
43060 3809
43070 3809
43080 3810
43090 3811
43100 3811
43110 3811
43120 3812
43130 3813
43140 3814
43150 3814
43160 3816
43170 3816
43180 3816
43190 3816
43200 3816
43210 3816
43220 3816
43230 3817
43240 3818
43250 3818
43260 3818
43270 3818
43280 3818
43290 3818
43300 3820
43310 3820
43320 3820
43330 3820
43340 3820
43350 3821
43360 3821
43370 3821
43380 3822
43390 3822
43400 3822
43410 3822
43420 3823
43430 3825
43440 3828
43450 3828
43460 3828
43470 3828
43480 3828
43490 3828
43500 3828
43510 3829
43520 3829
43530 3829
43540 3829
43550 3829
43560 3829
43570 3829
43580 3829
43590 3829
43600 3830
43610 3831
43620 3831
43630 3831
43640 3832
43650 3832
43660 3832
43670 3832
43680 3832
43690 3832
43700 3832
43710 3832
43720 3833
43730 3834
43740 3834
43750 3835
43760 3835
43770 3835
43780 3835
43790 3836
43800 3837
43810 3837
43820 3837
43830 3838
43840 3838
43850 3838
43860 3838
43870 3839
43880 3840
43890 3840
43900 3840
43910 3840
43920 3841
43930 3841
43940 3841
43950 3841
43960 3841
43970 3841
43980 3841
43990 3843
44000 3846
44010 3846
44020 3846
44030 3846
44040 3848
44050 3849
44060 3850
44070 3850
44080 3851
44090 3851
44100 3851
44110 3852
44120 3853
44130 3854
44140 3855
44150 3855
44160 3857
44170 3857
44180 3858
44190 3858
44200 3858
44210 3859
44220 3859
44230 3859
44240 3859
44250 3859
44260 3859
44270 3859
44280 3860
44290 3860
44300 3860
44310 3860
44320 3860
44330 3860
44340 3860
44350 3860
44360 3860
44370 3861
44380 3861
44390 3862
44400 3862
44410 3862
44420 3863
44430 3865
44440 3866
44450 3866
44460 3866
44470 3866
44480 3867
44490 3868
44500 3868
44510 3868
44520 3868
44530 3868
44540 3868
44550 3868
44560 3869
44570 3870
44580 3870
44590 3870
44600 3870
44610 3870
44620 3870
44630 3871
44640 3871
44650 3871
44660 3873
44670 3873
44680 3874
44690 3876
44700 3876
44710 3876
44720 3876
44730 3876
44740 3876
44750 3876
44760 3876
44770 3876
44780 3879
44790 3880
44800 3881
44810 3881
44820 3881
44830 3882
44840 3882
44850 3882
44860 3883
44870 3883
44880 3883
44890 3883
44900 3883
44910 3883
44920 3884
44930 3884
44940 3887
44950 3887
44960 3887
44970 3887
44980 3887
44990 3887
45000 3888
45010 3888
45020 3888
45030 3889
45040 3889
45050 3889
45060 3889
45070 3889
45080 3889
45090 3890
45100 3890
45110 3890
45120 3890
45130 3890
45140 3893
45150 3893
45160 3893
45170 3893
45180 3893
45190 3893
45200 3893
45210 3893
45220 3895
45230 3896
45240 3898
45250 3898
45260 3898
45270 3899
45280 3899
45290 3899
45300 3900
45310 3902
45320 3902
45330 3904
45340 3904
45350 3906
45360 3908
45370 3908
45380 3910
45390 3910
45400 3910
45410 3911
45420 3911
45430 3911
45440 3912
45450 3912
45460 3913
45470 3913
45480 3913
45490 3913
45500 3914
45510 3917
45520 3918
45530 3918
45540 3918
45550 3918
45560 3918
45570 3918
45580 3918
45590 3918
45600 3918
45610 3918
45620 3918
45630 3919
45640 3919
45650 3920
45660 3920
45670 3920
45680 3921
45690 3921
45700 3921
45710 3921
45720 3923
45730 3924
45740 3925
45750 3925
45760 3926
45770 3926
45780 3926
45790 3926
45800 3926
45810 3926
45820 3926
45830 3926
45840 3926
45850 3926
45860 3926
45870 3927
45880 3927
45890 3928
45900 3928
45910 3928
45920 3928
45930 3930
45940 3930
45950 3931
45960 3932
45970 3932
45980 3932
45990 3932
46000 3932
46010 3932
46020 3933
46030 3933
46040 3933
46050 3934
46060 3935
46070 3937
46080 3937
46090 3938
46100 3939
46110 3939
46120 3939
46130 3940
46140 3940
46150 3940
46160 3940
46170 3940
46180 3940
46190 3940
46200 3940
46210 3940
46220 3941
46230 3941
46240 3941
46250 3941
46260 3941
46270 3942
46280 3943
46290 3944
46300 3944
46310 3944
46320 3944
46330 3944
46340 3945
46350 3945
46360 3946
46370 3946
46380 3948
46390 3948
46400 3948
46410 3949
46420 3950
46430 3950
46440 3950
46450 3950
46460 3950
46470 3950
46480 3950
46490 3951
46500 3952
46510 3952
46520 3952
46530 3952
46540 3952
46550 3952
46560 3952
46570 3952
46580 3952
46590 3954
46600 3956
46610 3956
46620 3957
46630 3957
46640 3957
46650 3957
46660 3957
46670 3957
46680 3957
46690 3957
46700 3957
46710 3959
46720 3959
46730 3960
46740 3960
46750 3960
46760 3960
46770 3960
46780 3961
46790 3962
46800 3962
46810 3963
46820 3963
46830 3964
46840 3964
46850 3964
46860 3964
46870 3965
46880 3966
46890 3967
46900 3967
46910 3967
46920 3967
46930 3967
46940 3967
46950 3967
46960 3967
46970 3967
46980 3968
46990 3968
47000 3968
47010 3968
47020 3968
47030 3968
47040 3968
47050 3969
47060 3970
47070 3970
47080 3970
47090 3970
47100 3970
47110 3970
47120 3970
47130 3970
47140 3970
47150 3970
47160 3971
47170 3972
47180 3973
47190 3973
47200 3974
47210 3974
47220 3974
47230 3974
47240 3975
47250 3975
47260 3975
47270 3977
47280 3979
47290 3979
47300 3980
47310 3980
47320 3980
47330 3980
47340 3980
47350 3983
47360 3983
47370 3983
47380 3983
47390 3984
47400 3984
47410 3985
47420 3985
47430 3986
47440 3986
47450 3986
47460 3988
47470 3988
47480 3988
47490 3989
47500 3989
47510 3990
47520 3991
47530 3991
47540 3991
47550 3991
47560 3991
47570 3991
47580 3992
47590 3992
47600 3994
47610 3994
47620 3995
47630 3995
47640 3995
47650 3995
47660 3995
47670 3995
47680 3995
47690 3995
47700 3995
47710 3995
47720 3995
47730 3995
47740 3997
47750 3999
47760 3999
47770 3999
47780 4000
47790 4001
47800 4001
47810 4002
47820 4003
47830 4004
47840 4005
47850 4005
47860 4005
47870 4007
47880 4009
47890 4009
47900 4009
47910 4009
47920 4010
47930 4012
47940 4015
47950 4016
47960 4017
47970 4018
47980 4018
47990 4018
48000 4018
48010 4019
48020 4019
48030 4019
48040 4019
48050 4019
48060 4019
48070 4019
48080 4019
48090 4019
48100 4019
48110 4021
48120 4021
48130 4021
48140 4021
48150 4022
48160 4023
48170 4023
48180 4023
48190 4023
48200 4024
48210 4024
48220 4024
48230 4025
48240 4025
48250 4026
48260 4027
48270 4027
48280 4027
48290 4027
48300 4027
48310 4027
48320 4027
48330 4028
48340 4030
48350 4033
48360 4033
48370 4033
48380 4033
48390 4033
48400 4033
48410 4033
48420 4035
48430 4035
48440 4037
48450 4039
48460 4040
48470 4040
48480 4041
48490 4043
48500 4044
48510 4046
48520 4046
48530 4048
48540 4049
48550 4049
48560 4050
48570 4051
48580 4051
48590 4053
48600 4053
48610 4054
48620 4054
48630 4054
48640 4054
48650 4054
48660 4054
48670 4054
48680 4055
48690 4055
48700 4056
48710 4056
48720 4056
48730 4056
48740 4057
48750 4057
48760 4057
48770 4057
48780 4057
48790 4057
48800 4057
48810 4057
48820 4057
48830 4057
48840 4058
48850 4058
48860 4058
48870 4058
48880 4058
48890 4058
48900 4058
48910 4058
48920 4058
48930 4060
48940 4060
48950 4060
48960 4060
48970 4060
48980 4060
48990 4060
49000 4060
49010 4060
49020 4060
49030 4060
49040 4060
49050 4060
49060 4060
49070 4060
49080 4060
49090 4061
49100 4061
49110 4061
49120 4062
49130 4062
49140 4062
49150 4062
49160 4063
49170 4063
49180 4063
49190 4063
49200 4063
49210 4064
49220 4065
49230 4065
49240 4065
49250 4066
49260 4068
49270 4068
49280 4069
49290 4069
49300 4069
49310 4069
49320 4071
49330 4071
49340 4071
49350 4071
49360 4071
49370 4071
49380 4073
49390 4073
49400 4073
49410 4073
49420 4073
49430 4073
49440 4075
49450 4075
49460 4075
49470 4075
49480 4075
49490 4075
49500 4076
49510 4076
49520 4077
49530 4078
49540 4079
49550 4079
49560 4079
49570 4080
49580 4081
49590 4081
49600 4082
49610 4082
49620 4083
49630 4083
49640 4083
49650 4083
49660 4083
49670 4084
49680 4084
49690 4084
49700 4084
49710 4084
49720 4084
49730 4084
49740 4084
49750 4085
49760 4087
49770 4089
49780 4089
49790 4090
49800 4093
49810 4093
49820 4094
49830 4097
49840 4097
49850 4098
49860 4098
49870 4098
49880 4098
49890 4098
49900 4098
49910 4098
49920 4098
49930 4099
49940 4099
49950 4099
49960 4099
49970 4099
49980 4100
49990 4100
50000 4101
50010 4102
50020 4102
50030 4102
50040 4103
50050 4103
50060 4103
50070 4104
50080 4104
50090 4104
50100 4104
50110 4104
50120 4104
50130 4104
50140 4104
50150 4104
50160 4104
50170 4104
50180 4104
50190 4104
50200 4104
50210 4104
50220 4105
50230 4106
50240 4107
50250 4107
50260 4107
50270 4109
50280 4109
50290 4109
50300 4109
50310 4109
50320 4109
50330 4109
50340 4109
50350 4109
50360 4109
50370 4110
50380 4110
50390 4110
50400 4110
50410 4110
50420 4110
50430 4111
50440 4111
50450 4111
50460 4111
50470 4111
50480 4111
50490 4111
50500 4114
50510 4115
50520 4115
50530 4115
50540 4117
50550 4117
50560 4117
50570 4117
50580 4117
50590 4117
50600 4117
50610 4117
50620 4117
50630 4119
50640 4119
50650 4119
50660 4119
50670 4120
50680 4120
50690 4120
50700 4120
50710 4120
50720 4121
50730 4121
50740 4121
50750 4122
50760 4122
50770 4122
50780 4122
50790 4122
50800 4122
50810 4122
50820 4122
50830 4122
50840 4122
50850 4122
50860 4124
50870 4124
50880 4124
50890 4124
50900 4124
50910 4124
50920 4124
50930 4124
50940 4124
50950 4124
50960 4124
50970 4124
50980 4124
50990 4124
51000 4124
51010 4124
51020 4124
51030 4125
51040 4125
51050 4125
51060 4125
51070 4125
51080 4125
51090 4125
51100 4125
51110 4125
51120 4125
51130 4125
51140 4125
51150 4125
51160 4125
51170 4125
51180 4125
51190 4126
51200 4128
51210 4130
51220 4132
51230 4134
51240 4134
51250 4134
51260 4134
51270 4134
51280 4134
51290 4134
51300 4134
51310 4134
51320 4135
51330 4135
51340 4135
51350 4135
51360 4135
51370 4136
51380 4137
51390 4137
51400 4138
51410 4139
51420 4141
51430 4141
51440 4141
51450 4142
51460 4142
51470 4142
51480 4142
51490 4142
51500 4143
51510 4143
51520 4143
51530 4144
51540 4146
51550 4147
51560 4148
51570 4148
51580 4148
51590 4148
51600 4148
51610 4148
51620 4150
51630 4151
51640 4152
51650 4152
51660 4152
51670 4152
51680 4152
51690 4152
51700 4152
51710 4152
51720 4152
51730 4152
51740 4153
51750 4153
51760 4154
51770 4154
51780 4154
51790 4154
51800 4155
51810 4156
51820 4156
51830 4156
51840 4156
51850 4158
51860 4159
51870 4159
51880 4159
51890 4159
51900 4159
51910 4159
51920 4159
51930 4163
51940 4163
51950 4163
51960 4163
51970 4163
51980 4163
51990 4163
52000 4163
52010 4163
52020 4163
52030 4166
52040 4166
52050 4167
52060 4167
52070 4167
52080 4167
52090 4167
52100 4168
52110 4168
52120 4168
52130 4168
52140 4168
52150 4168
52160 4169
52170 4169
52180 4169
52190 4170
52200 4171
52210 4172
52220 4172
52230 4172
52240 4173
52250 4173
52260 4173
52270 4173
52280 4174
52290 4176
52300 4176
52310 4176
52320 4176
52330 4176
52340 4177
52350 4178
52360 4180
52370 4181
52380 4181
52390 4183
52400 4183
52410 4184
52420 4185
52430 4185
52440 4185
52450 4185
52460 4187
52470 4188
52480 4188
52490 4188
52500 4188
52510 4188
52520 4188
52530 4188
52540 4188
52550 4189
52560 4189
52570 4190
52580 4190
52590 4190
52600 4190
52610 4190
52620 4191
52630 4191
52640 4191
52650 4191
52660 4191
52670 4191
52680 4191
52690 4191
52700 4191
52710 4191
52720 4191
52730 4191
52740 4191
52750 4191
52760 4191
52770 4191
52780 4191
52790 4191
52800 4191
52810 4191
52820 4191
52830 4191
52840 4191
52850 4191
52860 4191
52870 4191
52880 4191
52890 4191
52900 4191
52910 4191
52920 4191
52930 4191
52940 4191
52950 4191
52960 4192
52970 4192
52980 4192
52990 4192
53000 4192
53010 4192
53020 4192
53030 4192
53040 4192
53050 4192
53060 4193
53070 4193
53080 4193
53090 4193
53100 4193
53110 4194
53120 4194
53130 4194
53140 4194
53150 4194
53160 4195
53170 4195
53180 4195
53190 4195
53200 4195
53210 4197
53220 4199
53230 4199
53240 4200
53250 4201
53260 4202
53270 4203
53280 4203
53290 4203
53300 4203
53310 4205
53320 4206
53330 4207
53340 4207
53350 4207
53360 4207
53370 4207
53380 4207
53390 4207
53400 4207
53410 4207
53420 4207
53430 4207
53440 4207
53450 4207
53460 4207
53470 4207
53480 4207
53490 4207
53500 4208
53510 4209
53520 4209
53530 4209
53540 4209
53550 4209
53560 4209
53570 4209
53580 4209
53590 4210
53600 4210
53610 4210
53620 4210
53630 4210
53640 4211
53650 4211
53660 4211
53670 4211
53680 4211
53690 4212
53700 4212
53710 4212
53720 4213
53730 4213
53740 4213
53750 4214
53760 4214
53770 4214
53780 4214
53790 4214
53800 4214
53810 4214
53820 4216
53830 4217
53840 4217
53850 4217
53860 4217
53870 4218
53880 4218
53890 4218
53900 4218
53910 4219
53920 4219
53930 4220
53940 4220
53950 4220
53960 4220
53970 4220
53980 4220
53990 4220
54000 4220
54010 4221
54020 4221
54030 4221
54040 4221
54050 4223
54060 4224
54070 4224
54080 4226
54090 4226
54100 4226
54110 4226
54120 4226
54130 4226
54140 4226
54150 4226
54160 4226
54170 4228
54180 4229
54190 4229
54200 4229
54210 4229
54220 4230
54230 4230
54240 4230
54250 4230
54260 4231
54270 4231
54280 4233
54290 4233
54300 4233
54310 4233
54320 4234
54330 4234
54340 4234
54350 4234
54360 4235
54370 4235
54380 4235
54390 4235
54400 4235
54410 4237
54420 4237
54430 4237
54440 4237
54450 4237
54460 4237
54470 4238
54480 4238
54490 4239
54500 4240
54510 4241
54520 4241
54530 4241
54540 4242
54550 4242
54560 4243
54570 4243
54580 4243
54590 4243
54600 4243
54610 4243
54620 4244
54630 4245
54640 4245
54650 4246
54660 4246
54670 4246
54680 4246
54690 4246
54700 4246
54710 4246
54720 4247
54730 4247
54740 4247
54750 4247
54760 4248
54770 4248
54780 4248
54790 4249
54800 4249
54810 4249
54820 4249
54830 4250
54840 4250
54850 4251
54860 4252
54870 4253
54880 4254
54890 4256
54900 4256
54910 4256
54920 4256
54930 4256
54940 4257
54950 4258
54960 4258
54970 4259
54980 4259
54990 4260
55000 4260
55010 4260
55020 4261
55030 4263
55040 4265
55050 4266
55060 4266
55070 4267
55080 4267
55090 4267
55100 4267
55110 4267
55120 4267
55130 4267
55140 4268
55150 4269
55160 4269
55170 4270
55180 4270
55190 4271
55200 4273
55210 4273
55220 4273
55230 4273
55240 4273
55250 4273
55260 4273
55270 4273
55280 4273
55290 4274
55300 4275
55310 4275
55320 4275
55330 4275
55340 4275
55350 4275
55360 4276
55370 4277
55380 4277
55390 4278
55400 4278
55410 4279
55420 4279
55430 4279
55440 4279
55450 4279
55460 4280
55470 4281
55480 4281
55490 4281
55500 4281
55510 4281
55520 4283
55530 4283
55540 4284
55550 4284
55560 4284
55570 4284
55580 4284
55590 4286
55600 4287
55610 4288
55620 4288
55630 4288
55640 4289
55650 4290
55660 4290
55670 4290
55680 4290
55690 4291
55700 4291
55710 4291
55720 4292
55730 4293
55740 4293
55750 4293
55760 4293
55770 4293
55780 4293
55790 4294
55800 4294
55810 4294
55820 4294
55830 4295
55840 4295
55850 4295
55860 4295
55870 4295
55880 4295
55890 4295
55900 4295
55910 4295
55920 4295
55930 4296
55940 4298
55950 4298
55960 4298
55970 4298
55980 4298
55990 4298
56000 4298
56010 4298
56020 4298
56030 4299
56040 4300
56050 4300
56060 4300
56070 4301
56080 4302
56090 4303
56100 4303
56110 4304
56120 4304
56130 4304
56140 4304
56150 4304
56160 4304
56170 4304
56180 4306
56190 4306
56200 4306
56210 4306
56220 4306
56230 4306
56240 4307
56250 4308
56260 4309
56270 4309
56280 4310
56290 4310
56300 4310
56310 4310
56320 4311
56330 4313
56340 4313
56350 4314
56360 4315
56370 4315
56380 4315
56390 4315
56400 4315
56410 4315
56420 4316
56430 4316
56440 4316
56450 4316
56460 4316
56470 4316
56480 4316
56490 4316
56500 4316
56510 4316
56520 4316
56530 4316
56540 4316
56550 4316
56560 4316
56570 4316
56580 4316
56590 4316
56600 4316
56610 4316
56620 4318
56630 4318
56640 4318
56650 4320
56660 4320
56670 4320
56680 4320
56690 4320
56700 4321
56710 4322
56720 4323
56730 4323
56740 4323
56750 4324
56760 4324
56770 4325
56780 4325
56790 4325
56800 4325
56810 4327
56820 4327
56830 4328
56840 4328
56850 4328
56860 4328
56870 4328
56880 4328
56890 4329
56900 4329
56910 4329
56920 4329
56930 4329
56940 4329
56950 4329
56960 4330
56970 4330
56980 4330
56990 4330
57000 4330
57010 4330
57020 4330
57030 4330
57040 4331
57050 4331
57060 4331
57070 4331
57080 4331
57090 4331
57100 4331
57110 4331
57120 4331
57130 4332
57140 4332
57150 4332
57160 4332
57170 4332
57180 4332
57190 4332
57200 4332
57210 4332
57220 4333
57230 4333
57240 4333
57250 4333
57260 4333
57270 4333
57280 4334
57290 4334
57300 4334
57310 4334
57320 4334
57330 4335
57340 4337
57350 4337
57360 4338
57370 4339
57380 4339
57390 4339
57400 4339
57410 4339
57420 4339
57430 4340
57440 4340
57450 4340
57460 4340
57470 4341
57480 4341
57490 4342
57500 4343
57510 4343
57520 4343
57530 4343
57540 4344
57550 4344
57560 4344
57570 4344
57580 4344
57590 4344
57600 4344
57610 4344
57620 4344
57630 4344
57640 4344
57650 4344
57660 4345
57670 4345
57680 4345
57690 4345
57700 4345
57710 4345
57720 4345
57730 4345
57740 4345
57750 4345
57760 4346
57770 4346
57780 4347
57790 4347
57800 4347
57810 4348
57820 4348
57830 4348
57840 4348
57850 4348
57860 4348
57870 4348
57880 4348
57890 4348
57900 4348
57910 4348
57920 4348
57930 4348
57940 4348
57950 4348
57960 4348
57970 4348
57980 4348
57990 4348
58000 4348
58010 4348
58020 4349
58030 4349
58040 4349
58050 4349
58060 4349
58070 4349
58080 4349
58090 4349
58100 4349
58110 4349
58120 4349
58130 4349
58140 4349
58150 4349
58160 4349
58170 4349
58180 4349
58190 4350
58200 4350
58210 4350
58220 4351
58230 4351
58240 4351
58250 4352
58260 4352
58270 4353
58280 4354
58290 4354
58300 4354
58310 4357
58320 4357
58330 4357
58340 4357
58350 4357
58360 4357
58370 4358
58380 4358
58390 4360
58400 4360
58410 4360
58420 4361
58430 4361
58440 4361
58450 4362
58460 4362
58470 4363
58480 4363
58490 4364
58500 4364
58510 4364
58520 4364
58530 4364
58540 4364
58550 4364
58560 4364
58570 4364
58580 4364
58590 4367
58600 4367
58610 4367
58620 4367
58630 4367
58640 4367
58650 4367
58660 4367
58670 4367
58680 4369
58690 4370
58700 4370
58710 4371
58720 4371
58730 4371
58740 4371
58750 4371
58760 4372
58770 4372
58780 4373
58790 4373
58800 4374
58810 4374
58820 4374
58830 4375
58840 4376
58850 4376
58860 4377
58870 4377
58880 4377
58890 4377
58900 4377
58910 4377
58920 4378
58930 4378
58940 4378
58950 4378
58960 4378
58970 4378
58980 4378
58990 4379
59000 4380
59010 4380
59020 4381
59030 4383
59040 4383
59050 4383
59060 4383
59070 4383
59080 4383
59090 4384
59100 4385
59110 4385
59120 4385
59130 4385
59140 4385
59150 4385
59160 4385
59170 4385
59180 4385
59190 4386
59200 4387
59210 4387
59220 4387
59230 4387
59240 4387
59250 4387
59260 4387
59270 4387
59280 4388
59290 4388
59300 4388
59310 4388
59320 4389
59330 4389
59340 4389
59350 4389
59360 4389
59370 4389
59380 4389
59390 4390
59400 4390
59410 4391
59420 4391
59430 4391
59440 4392
59450 4393
59460 4394
59470 4394
59480 4394
59490 4394
59500 4394
59510 4394
59520 4394
59530 4394
59540 4394
59550 4395
59560 4395
59570 4396
59580 4396
59590 4396
59600 4396
59610 4396
59620 4396
59630 4396
59640 4396
59650 4396
59660 4396
59670 4399
59680 4399
59690 4399
59700 4399
59710 4399
59720 4399
59730 4399
59740 4399
59750 4399
59760 4400
59770 4400
59780 4400
59790 4400
59800 4400
59810 4401
59820 4402
59830 4402
59840 4402
59850 4402
59860 4402
59870 4402
59880 4402
59890 4402
59900 4404
59910 4406
59920 4406
59930 4406
59940 4408
59950 4408
59960 4411
59970 4411
59980 4411
59990 4411
60000 4411
60010 4411
60020 4411
60030 4412
60040 4412
60050 4412
60060 4412
60070 4412
60080 4412
60090 4412
60100 4412
60110 4414
60120 4414
60130 4414
60140 4415
60150 4415
60160 4415
60170 4415
60180 4416
60190 4418
60200 4418
60210 4418
60220 4418
60230 4418
60240 4418
60250 4418
60260 4418
60270 4418
60280 4418
60290 4418
60300 4418
60310 4418
60320 4418
60330 4418
60340 4419
60350 4419
60360 4420
60370 4420
60380 4420
60390 4421
60400 4421
60410 4421
60420 4421
60430 4422
60440 4422
60450 4422
60460 4422
60470 4422
60480 4422
60490 4422
60500 4422
60510 4423
60520 4424
60530 4424
60540 4424
60550 4424
60560 4425
60570 4425
60580 4425
60590 4425
60600 4425
60610 4425
60620 4425
60630 4425
60640 4425
60650 4425
60660 4425
60670 4425
60680 4425
60690 4425
60700 4427
60710 4429
60720 4431
60730 4431
60740 4432
60750 4433
60760 4433
60770 4433
60780 4433
60790 4433
60800 4434
60810 4434
60820 4434
60830 4434
60840 4436
60850 4437
60860 4438
60870 4438
60880 4438
60890 4438
60900 4438
60910 4438
60920 4438
60930 4438
60940 4438
60950 4438
60960 4438
60970 4438
60980 4438
60990 4438
61000 4438
61010 4438
61020 4438
61030 4438
61040 4438
61050 4440
61060 4441
61070 4442
61080 4443
61090 4443
61100 4443
61110 4443
61120 4444
61130 4444
61140 4444
61150 4445
61160 4445
61170 4445
61180 4445
61190 4445
61200 4445
61210 4445
61220 4445
61230 4445
61240 4445
61250 4445
61260 4445
61270 4446
61280 4446
61290 4446
61300 4447
61310 4447
61320 4447
61330 4447
61340 4447
61350 4447
61360 4447
61370 4447
61380 4447
61390 4447
61400 4448
61410 4448
61420 4449
61430 4449
61440 4449
61450 4449
61460 4449
61470 4449
61480 4449
61490 4449
61500 4450
61510 4450
61520 4450
61530 4450
61540 4450
61550 4450
61560 4450
61570 4450
61580 4451
61590 4452
61600 4453
61610 4453
61620 4453
61630 4453
61640 4454
61650 4455
61660 4455
61670 4455
61680 4456
61690 4456
61700 4456
61710 4456
61720 4456
61730 4456
61740 4456
61750 4456
61760 4456
61770 4456
61780 4456
61790 4456
61800 4456
61810 4457
61820 4457
61830 4457
61840 4458
61850 4458
61860 4458
61870 4459
61880 4459
61890 4459
61900 4459
61910 4460
61920 4460
61930 4461
61940 4462
61950 4463
61960 4464
61970 4464
61980 4464
61990 4464
62000 4465
62010 4465
62020 4465
62030 4465
62040 4465
62050 4465
62060 4465
62070 4465
62080 4465
62090 4466
62100 4466
62110 4467
62120 4467
62130 4467
62140 4467
62150 4467
62160 4469
62170 4472
62180 4472
62190 4472
62200 4473
62210 4473
62220 4473
62230 4474
62240 4474
62250 4474
62260 4475
62270 4476
62280 4477
62290 4479
62300 4479
62310 4480
62320 4481
62330 4482
62340 4482
62350 4482
62360 4482
62370 4483
62380 4484
62390 4486
62400 4487
62410 4487
62420 4488
62430 4488
62440 4488
62450 4488
62460 4488
62470 4491
62480 4491
62490 4492
62500 4492
62510 4492
62520 4492
62530 4492
62540 4494
62550 4494
62560 4494
62570 4494
62580 4494
62590 4494
62600 4494
62610 4494
62620 4494
62630 4495
62640 4495
62650 4497
62660 4498
62670 4498
62680 4500
62690 4500
62700 4500
62710 4500
62720 4500
62730 4500
62740 4500
62750 4500
62760 4501
62770 4501
62780 4501
62790 4501
62800 4502
62810 4502
62820 4502
62830 4502
62840 4502
62850 4502
62860 4502
62870 4502
62880 4502
62890 4502
62900 4502
62910 4502
62920 4502
62930 4502
62940 4502
62950 4502
62960 4503
62970 4503
62980 4503
62990 4503
63000 4504
63010 4505
63020 4506
63030 4506
63040 4506
63050 4506
63060 4507
63070 4507
63080 4507
63090 4508
63100 4508
63110 4508
63120 4508
63130 4509
63140 4510
63150 4511
63160 4512
63170 4512
63180 4512
63190 4512
63200 4512
63210 4513
63220 4513
63230 4513
63240 4513
63250 4513
63260 4513
63270 4513
63280 4513
63290 4513
63300 4513
63310 4513
63320 4513
63330 4513
63340 4513
63350 4513
63360 4513
63370 4513
63380 4513
63390 4513
63400 4513
63410 4513
63420 4513
63430 4513
63440 4513
63450 4513
63460 4513
63470 4514
63480 4514
63490 4514
63500 4514
63510 4514
63520 4515
63530 4515
63540 4515
63550 4516
63560 4516
63570 4516
63580 4516
63590 4516
63600 4516
63610 4516
63620 4516
63630 4516
63640 4516
63650 4516
63660 4516
63670 4516
63680 4516
63690 4516
63700 4516
63710 4516
63720 4516
63730 4516
63740 4516
63750 4516
63760 4516
63770 4516
63780 4516
63790 4516
63800 4516
63810 4516
63820 4516
63830 4516
63840 4516
63850 4517
63860 4517
63870 4517
63880 4517
63890 4517
63900 4517
63910 4517
63920 4517
63930 4517
63940 4517
63950 4517
63960 4517
63970 4517
63980 4517
63990 4517
64000 4517
64010 4517
64020 4517
64030 4517
64040 4517
64050 4517
64060 4517
64070 4520
64080 4520
64090 4520
64100 4520
64110 4520
64120 4521
64130 4521
64140 4521
64150 4521
64160 4521
64170 4524
64180 4524
64190 4524
64200 4524
64210 4524
64220 4524
64230 4524
64240 4524
64250 4524
64260 4524
64270 4524
64280 4524
64290 4524
64300 4524
64310 4524
64320 4524
64330 4524
64340 4524
64350 4524
64360 4524
64370 4524
64380 4525
64390 4526
64400 4526
64410 4526
64420 4527
64430 4527
64440 4527
64450 4527
64460 4527
64470 4528
64480 4528
64490 4528
64500 4528
64510 4531
64520 4531
64530 4531
64540 4531
64550 4531
64560 4531
64570 4532
64580 4532
64590 4532
64600 4532
64610 4534
64620 4534
64630 4534
64640 4534
64650 4534
64660 4535
64670 4535
64680 4535
64690 4535
64700 4535
64710 4535
64720 4535
64730 4535
64740 4535
64750 4535
64760 4535
64770 4535
64780 4535
64790 4535
64800 4535
64810 4535
64820 4535
64830 4535
64840 4535
64850 4535
64860 4535
64870 4536
64880 4536
64890 4536
64900 4537
64910 4537
64920 4538
64930 4539
64940 4539
64950 4539
64960 4539
64970 4541
64980 4541
64990 4541
65000 4541
65010 4541
65020 4541
65030 4541
65040 4541
65050 4541
65060 4542
65070 4542
65080 4542
65090 4542
65100 4542
65110 4542
65120 4542
65130 4542
65140 4542
65150 4542
65160 4544
65170 4545
65180 4545
65190 4547
65200 4547
65210 4547
65220 4548
65230 4548
65240 4548
65250 4548
65260 4548
65270 4548
65280 4548
65290 4548
65300 4548
65310 4548
65320 4550
65330 4550
65340 4550
65350 4550
65360 4550
65370 4550
65380 4550
65390 4550
65400 4550
65410 4550
65420 4550
65430 4550
65440 4550
65450 4550
65460 4550
65470 4550
65480 4550
65490 4550
65500 4550
65510 4551
65520 4551
65530 4551
65540 4552
65550 4552
65560 4552
65570 4552
65580 4552
65590 4552
65600 4552
65610 4552
65620 4552
65630 4552
65640 4552
65650 4552
65660 4552
65670 4553
65680 4553
65690 4553
65700 4553
65710 4553
65720 4553
65730 4553
65740 4553
65750 4553
65760 4553
65770 4553
65780 4553
65790 4553
65800 4553
65810 4554
65820 4554
65830 4554
65840 4554
65850 4555
65860 4556
65870 4556
65880 4556
65890 4556
65900 4556
65910 4557
65920 4558
65930 4558
65940 4558
65950 4558
65960 4558
65970 4558
65980 4558
65990 4558
66000 4558
66010 4558
66020 4558
66030 4558
66040 4558
66050 4558
66060 4558
66070 4558
66080 4558
66090 4558
66100 4558
66110 4558
66120 4558
66130 4558
66140 4558
66150 4558
66160 4558
66170 4558
66180 4558
66190 4558
66200 4559
66210 4559
66220 4559
66230 4559
66240 4560
66250 4560
66260 4561
66270 4563
66280 4563
66290 4563
66300 4563
66310 4564
66320 4564
66330 4565
66340 4566
66350 4569
66360 4572
66370 4572
66380 4572
66390 4572
66400 4572
66410 4572
66420 4572
66430 4574
66440 4574
66450 4574
66460 4574
66470 4574
66480 4574
66490 4574
66500 4574
66510 4575
66520 4575
66530 4575
66540 4575
66550 4575
66560 4575
66570 4575
66580 4575
66590 4575
66600 4575
66610 4575
66620 4576
66630 4576
66640 4576
66650 4576
66660 4576
66670 4576
66680 4576
66690 4576
66700 4576
66710 4577
66720 4578
66730 4578
66740 4578
66750 4578
66760 4578
66770 4579
66780 4579
66790 4579
66800 4579
66810 4579
66820 4579
66830 4579
66840 4579
66850 4580
66860 4580
66870 4580
66880 4580
66890 4582
66900 4582
66910 4582
66920 4583
66930 4583
66940 4583
66950 4583
66960 4583
66970 4583
66980 4584
66990 4584
67000 4585
67010 4585
67020 4585
67030 4585
67040 4585
67050 4585
67060 4586
67070 4586
67080 4586
67090 4586
67100 4586
67110 4586
67120 4586
67130 4587
67140 4588
67150 4588
67160 4589
67170 4591
67180 4592
67190 4595
67200 4595
67210 4598
67220 4599
67230 4606
67240 4608
67250 4610
67260 4610
67270 4610
67280 4611
67290 4613
67300 4616
67310 4618
67320 4619
67330 4620
67340 4621
67350 4621
67360 4621
67370 4622
67380 4624
67390 4626
67400 4629
67410 4630
67420 4635
67430 4637
67440 4638
67450 4638
67460 4638
67470 4638
67480 4639
67490 4639
67500 4639
67510 4639
67520 4639
67530 4639
67540 4639
67550 4639
67560 4640
67570 4640
67580 4640
67590 4641
67600 4641
67610 4641
67620 4641
67630 4641
67640 4642
67650 4642
67660 4643
67670 4643
67680 4643
67690 4643
67700 4643
67710 4643
67720 4644
67730 4644
67740 4644
67750 4645
67760 4646
67770 4646
67780 4646
67790 4646
67800 4647
67810 4647
67820 4647
67830 4647
67840 4648
67850 4648
67860 4648
67870 4648
67880 4648
67890 4648
67900 4648
67910 4648
67920 4648
67930 4649
67940 4650
67950 4650
67960 4651
67970 4651
67980 4651
67990 4651
68000 4651
68010 4654
68020 4655
68030 4655
68040 4655
68050 4657
68060 4660
68070 4660
68080 4661
68090 4661
68100 4661
68110 4662
68120 4662
68130 4663
68140 4663
68150 4664
68160 4664
68170 4665
68180 4665
68190 4665
68200 4665
68210 4667
68220 4668
68230 4671
68240 4671
68250 4671
68260 4672
68270 4672
68280 4672
68290 4674
68300 4674
68310 4674
68320 4674
68330 4674
68340 4674
68350 4674
68360 4674
68370 4674
68380 4675
68390 4675
68400 4676
68410 4676
68420 4676
68430 4676
68440 4676
68450 4676
68460 4676
68470 4676
68480 4676
68490 4676
68500 4676
68510 4676
68520 4676
68530 4676
68540 4676
68550 4677
68560 4677
68570 4677
68580 4677
68590 4678
68600 4678
68610 4679
68620 4679
68630 4679
68640 4680
68650 4680
68660 4680
68670 4680
68680 4680
68690 4680
68700 4680
68710 4681
68720 4681
68730 4682
68740 4683
68750 4683
68760 4683
68770 4684
68780 4685
68790 4685
68800 4685
68810 4685
68820 4685
68830 4685
68840 4685
68850 4685
68860 4686
68870 4686
68880 4686
68890 4686
68900 4687
68910 4689
68920 4689
68930 4689
68940 4690
68950 4691
68960 4691
68970 4692
68980 4693
68990 4693
69000 4694
69010 4694
69020 4694
69030 4694
69040 4694
69050 4694
69060 4694
69070 4694
69080 4694
69090 4695
69100 4695
69110 4696
69120 4696
69130 4696
69140 4696
69150 4696
69160 4697
69170 4699
69180 4699
69190 4700
69200 4700
69210 4701
69220 4701
69230 4702
69240 4702
69250 4702
69260 4703
69270 4703
69280 4704
69290 4704
69300 4704
69310 4704
69320 4704
69330 4704
69340 4706
69350 4706
69360 4706
69370 4706
69380 4707
69390 4708
69400 4708
69410 4708
69420 4708
69430 4709
69440 4710
69450 4710
69460 4710
69470 4710
69480 4710
69490 4710
69500 4711
69510 4711
69520 4711
69530 4712
69540 4712
69550 4712
69560 4712
69570 4712
69580 4712
69590 4712
69600 4712
69610 4712
69620 4712
69630 4712
69640 4712
69650 4713
69660 4713
69670 4714
69680 4715
69690 4715
69700 4715
69710 4715
69720 4715
69730 4715
69740 4716
69750 4717
69760 4718
69770 4718
69780 4719
69790 4719
69800 4719
69810 4719
69820 4719
69830 4720
69840 4720
69850 4721
69860 4723
69870 4723
69880 4723
69890 4723
69900 4723
69910 4723
69920 4723
69930 4723
69940 4724
69950 4724
69960 4724
69970 4724
69980 4724
69990 4726
70000 4726
70010 4726
70020 4726
70030 4728
70040 4729
70050 4729
70060 4730
70070 4732
70080 4732
70090 4732
70100 4732
70110 4732
70120 4732
70130 4732
70140 4732
70150 4734
70160 4734
70170 4735
70180 4735
70190 4735
70200 4735
70210 4735
70220 4735
70230 4736
70240 4736
70250 4736
70260 4737
70270 4739
70280 4740
70290 4741
70300 4743
70310 4743
70320 4744
70330 4744
70340 4745
70350 4747
70360 4747
70370 4747
70380 4747
70390 4747
70400 4747
70410 4747
70420 4747
70430 4747
70440 4750
70450 4750
70460 4750
70470 4750
70480 4750
70490 4750
70500 4750
70510 4750
70520 4750
70530 4750
70540 4750
70550 4750
70560 4750
70570 4750
70580 4750
70590 4750
70600 4750
70610 4750
70620 4751
70630 4751
70640 4751
70650 4752
70660 4752
70670 4752
70680 4752
70690 4752
70700 4753
70710 4753
70720 4754
70730 4755
70740 4757
70750 4759
70760 4760
70770 4760
70780 4760
70790 4760
70800 4760
70810 4764
70820 4765
70830 4765
70840 4765
70850 4766
70860 4766
70870 4767
70880 4767
70890 4767
70900 4767
70910 4767
70920 4767
70930 4767
70940 4768
70950 4768
70960 4769
70970 4769
70980 4769
70990 4770
71000 4770
71010 4770
71020 4770
71030 4770
71040 4770
71050 4771
71060 4772
71070 4772
71080 4772
71090 4772
71100 4772
71110 4772
71120 4772
71130 4772
71140 4772
71150 4772
71160 4772
71170 4772
71180 4772
71190 4772
71200 4772
71210 4772
71220 4772
71230 4772
71240 4772
71250 4772
71260 4772
71270 4772
71280 4772
71290 4773
71300 4773
71310 4773
71320 4774
71330 4774
71340 4774
71350 4774
71360 4774
71370 4774
71380 4775
71390 4775
71400 4775
71410 4775
71420 4775
71430 4775
71440 4775
71450 4775
71460 4775
71470 4776
71480 4777
71490 4777
71500 4777
71510 4778
71520 4778
71530 4779
71540 4780
71550 4780
71560 4780
71570 4780
71580 4781
71590 4781
71600 4781
71610 4781
71620 4781
71630 4781
71640 4781
71650 4781
71660 4781
71670 4781
71680 4781
71690 4781
71700 4782
71710 4782
71720 4782
71730 4783
71740 4783
71750 4783
71760 4783
71770 4783
71780 4783
71790 4783
71800 4783
71810 4784
71820 4784
71830 4784
71840 4784
71850 4785
71860 4785
71870 4786
71880 4786
71890 4787
71900 4787
71910 4787
71920 4788
71930 4788
71940 4788
71950 4789
71960 4789
71970 4789
71980 4789
71990 4790
72000 4790
72010 4790
72020 4790
72030 4790
72040 4790
72050 4790
72060 4790
72070 4790
72080 4790
72090 4790
72100 4790
72110 4790
72120 4790
72130 4790
72140 4792
72150 4792
72160 4792
72170 4793
72180 4793
72190 4793
72200 4793
72210 4793
72220 4793
72230 4793
72240 4793
72250 4793
72260 4793
72270 4793
72280 4793
72290 4794
72300 4794
72310 4794
72320 4795
72330 4796
72340 4796
72350 4796
72360 4796
72370 4796
72380 4796
72390 4796
72400 4796
72410 4798
72420 4798
72430 4798
72440 4798
72450 4799
72460 4799
72470 4799
72480 4799
72490 4799
72500 4800
72510 4800
72520 4800
72530 4800
72540 4800
72550 4801
72560 4802
72570 4803
72580 4803
72590 4803
72600 4804
72610 4804
72620 4804
72630 4804
72640 4804
72650 4804
72660 4804
72670 4805
72680 4806
72690 4808
72700 4808
72710 4809
72720 4809
72730 4809
72740 4809
72750 4809
72760 4810
72770 4811
72780 4812
72790 4812
72800 4814
72810 4814
72820 4814
72830 4814
72840 4814
72850 4814
72860 4814
72870 4814
72880 4814
72890 4814
72900 4814
72910 4814
72920 4814
72930 4814
72940 4815
72950 4815
72960 4816
72970 4818
72980 4818
72990 4818
73000 4818
73010 4818
73020 4818
73030 4818
73040 4818
73050 4818
73060 4818
73070 4819
73080 4819
73090 4819
73100 4819
73110 4819
73120 4819
73130 4820
73140 4820
73150 4820
73160 4821
73170 4821
73180 4822
73190 4822
73200 4822
73210 4822
73220 4822
73230 4822
73240 4822
73250 4823
73260 4824
73270 4824
73280 4824
73290 4825
73300 4825
73310 4825
73320 4825
73330 4826
73340 4828
73350 4828
73360 4829
73370 4830
73380 4831
73390 4831
73400 4831
73410 4831
73420 4831
73430 4832
73440 4833
73450 4833
73460 4833
73470 4833
73480 4835
73490 4836
73500 4836
73510 4837
73520 4837
73530 4837
73540 4839
73550 4840
73560 4840
73570 4840
73580 4840
73590 4840
73600 4840
73610 4842
73620 4842
73630 4842
73640 4842
73650 4842
73660 4842
73670 4842
73680 4842
73690 4842
73700 4842
73710 4842
73720 4842
73730 4843
73740 4843
73750 4843
73760 4844
73770 4844
73780 4844
73790 4845
73800 4845
73810 4846
73820 4846
73830 4846
73840 4846
73850 4847
73860 4847
73870 4847
73880 4847
73890 4847
73900 4847
73910 4847
73920 4849
73930 4849
73940 4850
73950 4850
73960 4850
73970 4851
73980 4851
73990 4851
74000 4851
74010 4853
74020 4853
74030 4853
74040 4853
74050 4853
74060 4854
74070 4854
74080 4854
74090 4854
74100 4854
74110 4854
74120 4854
74130 4854
74140 4854
74150 4855
74160 4855
74170 4855
74180 4856
74190 4856
74200 4856
74210 4856
74220 4857
74230 4857
74240 4857
74250 4857
74260 4857
74270 4857
74280 4857
74290 4858
74300 4858
74310 4858
74320 4858
74330 4858
74340 4858
74350 4858
74360 4858
74370 4858
74380 4858
74390 4858
74400 4858
74410 4858
74420 4858
74430 4858
74440 4858
74450 4859
74460 4859
74470 4860
74480 4861
74490 4861
74500 4861
74510 4861
74520 4861
74530 4861
74540 4861
74550 4861
74560 4861
74570 4863
74580 4863
74590 4863
74600 4863
74610 4863
74620 4863
74630 4863
74640 4863
74650 4864
74660 4864
74670 4864
74680 4864
74690 4865
74700 4865
74710 4865
74720 4865
74730 4866
74740 4866
74750 4867
74760 4867
74770 4867
74780 4867
74790 4867
74800 4867
74810 4868
74820 4868
74830 4868
74840 4868
74850 4868
74860 4868
74870 4869
74880 4869
74890 4870
74900 4871
74910 4871
74920 4871
74930 4872
74940 4873
74950 4873
74960 4874
74970 4874
74980 4874
74990 4874
75000 4874
75010 4874
75020 4875
75030 4875
75040 4875
75050 4875
75060 4876
75070 4876
75080 4877
75090 4877
75100 4877
75110 4877
75120 4878
75130 4878
75140 4878
75150 4878
75160 4878
75170 4878
75180 4878
75190 4878
75200 4878
75210 4878
75220 4878
75230 4878
75240 4878
75250 4879
75260 4880
75270 4881
75280 4881
75290 4881
75300 4881
75310 4881
75320 4881
75330 4882
75340 4882
75350 4882
75360 4882
75370 4882
75380 4882
75390 4882
75400 4882
75410 4882
75420 4883
75430 4883
75440 4884
75450 4884
75460 4884
75470 4884
75480 4884
75490 4885
75500 4885
75510 4885
75520 4885
75530 4885
75540 4885
75550 4885
75560 4885
75570 4885
75580 4885
75590 4885
75600 4885
75610 4885
75620 4885
75630 4885
75640 4886
75650 4886
75660 4886
75670 4886
75680 4886
75690 4886
75700 4886
75710 4886
75720 4886
75730 4886
75740 4886
75750 4886
75760 4886
75770 4887
75780 4888
75790 4891
75800 4891
75810 4891
75820 4891
75830 4891
75840 4891
75850 4891
75860 4891
75870 4891
75880 4891
75890 4891
75900 4891
75910 4892
75920 4892
75930 4892
75940 4892
75950 4892
75960 4892
75970 4893
75980 4893
75990 4893
76000 4893
76010 4893
76020 4894
76030 4894
76040 4894
76050 4895
76060 4895
76070 4896
76080 4897
76090 4897
76100 4897
76110 4898
76120 4898
76130 4899
76140 4899
76150 4899
76160 4899
76170 4899
76180 4900
76190 4900
76200 4900
76210 4900
76220 4901
76230 4902
76240 4902
76250 4902
76260 4902
76270 4902
76280 4902
76290 4902
76300 4902
76310 4902
76320 4902
76330 4902
76340 4902
76350 4902
76360 4903
76370 4903
76380 4903
76390 4903
76400 4903
76410 4904
76420 4905
76430 4905
76440 4905
76450 4905
76460 4905
76470 4905
76480 4907
76490 4909
76500 4910
76510 4910
76520 4911
76530 4911
76540 4911
76550 4911
76560 4912
76570 4913
76580 4913
76590 4913
76600 4915
76610 4915
76620 4916
76630 4916
76640 4916
76650 4916
76660 4916
76670 4916
76680 4917
76690 4918
76700 4919
76710 4919
76720 4919
76730 4919
76740 4919
76750 4919
76760 4920
76770 4920
76780 4922
76790 4923
76800 4923
76810 4923
76820 4923
76830 4925
76840 4928
76850 4928
76860 4930
76870 4930
76880 4930
76890 4931
76900 4931
76910 4932
76920 4933
76930 4933
76940 4933
76950 4934
76960 4934
76970 4934
76980 4934
76990 4935
77000 4935
77010 4935
77020 4935
77030 4935
77040 4935
77050 4935
77060 4935
77070 4935
77080 4936
77090 4936
77100 4936
77110 4937
77120 4937
77130 4938
77140 4938
77150 4938
77160 4940
77170 4940
77180 4941
77190 4941
77200 4942
77210 4943
77220 4943
77230 4943
77240 4943
77250 4943
77260 4943
77270 4943
77280 4943
77290 4943
77300 4943
77310 4943
77320 4944
77330 4944
77340 4944
77350 4944
77360 4944
77370 4944
77380 4946
77390 4946
77400 4946
77410 4946
77420 4946
77430 4946
77440 4947
77450 4948
77460 4948
77470 4948
77480 4948
77490 4948
77500 4949
77510 4949
77520 4949
77530 4949
77540 4949
77550 4949
77560 4949
77570 4949
77580 4949
77590 4950
77600 4950
77610 4950
77620 4950
77630 4950
77640 4950
77650 4951
77660 4952
77670 4953
77680 4953
77690 4953
77700 4953
77710 4954
77720 4954
77730 4955
77740 4956
77750 4956
77760 4957
77770 4957
77780 4957
77790 4957
77800 4957
77810 4957
77820 4958
77830 4958
77840 4958
77850 4958
77860 4958
77870 4958
77880 4959
77890 4959
77900 4961
77910 4962
77920 4963
77930 4963
77940 4965
77950 4966
77960 4966
77970 4966
77980 4966
77990 4967
78000 4967
78010 4968
78020 4969
78030 4969
78040 4969
78050 4969
78060 4970
78070 4970
78080 4970
78090 4970
78100 4972
78110 4972
78120 4973
78130 4974
78140 4974
78150 4974
78160 4974
78170 4975
78180 4975
78190 4976
78200 4976
78210 4977
78220 4977
78230 4978
78240 4978
78250 4979
78260 4979
78270 4979
78280 4979
78290 4980
78300 4980
78310 4980
78320 4980
78330 4980
78340 4980
78350 4980
78360 4980
78370 4980
78380 4980
78390 4980
78400 4981
78410 4981
78420 4981
78430 4981
78440 4981
78450 4981
78460 4981
78470 4982
78480 4983
78490 4984
78500 4985
78510 4986
78520 4986
78530 4986
78540 4987
78550 4989
78560 4989
78570 4990
78580 4991
78590 4991
78600 4991
78610 4991
78620 4992
78630 4992
78640 4992
78650 4992
78660 4992
78670 4993
78680 4993
78690 4993
78700 4994
78710 4994
78720 4994
78730 4994
78740 4995
78750 4995
78760 4996
78770 4997
78780 4997
78790 4997
78800 4997
78810 4997
78820 4997
78830 4997
78840 4997
78850 4998
78860 4998
78870 4999
78880 4999
78890 5000
78900 5000
78910 5000
78920 5000
78930 5001
78940 5001
78950 5001
78960 5001
78970 5002
78980 5004
78990 5004
79000 5004
79010 5004
79020 5004
79030 5004
79040 5004
79050 5004
79060 5004
79070 5005
79080 5005
79090 5006
79100 5006
79110 5006
79120 5007
79130 5007
79140 5007
79150 5007
79160 5007
79170 5007
79180 5007
79190 5007
79200 5007
79210 5007
79220 5007
79230 5007
79240 5007
79250 5008
79260 5009
79270 5009
79280 5009
79290 5009
79300 5009
79310 5009
79320 5009
79330 5010
79340 5011
79350 5011
79360 5011
79370 5012
79380 5012
79390 5012
79400 5012
79410 5012
79420 5012
79430 5012
79440 5012
79450 5013
79460 5014
79470 5014
79480 5015
79490 5015
79500 5015
79510 5016
79520 5016
79530 5016
79540 5016
79550 5016
79560 5016
79570 5016
79580 5017
79590 5017
79600 5017
79610 5017
79620 5017
79630 5017
79640 5018
79650 5019
79660 5019
79670 5019
79680 5019
79690 5019
79700 5020
79710 5021
79720 5021
79730 5022
79740 5022
79750 5022
79760 5022
79770 5023
79780 5023
79790 5023
79800 5023
79810 5023
79820 5024
79830 5024
79840 5025
79850 5025
79860 5026
79870 5028
79880 5028
79890 5028
79900 5028
79910 5028
79920 5029
79930 5029
79940 5029
79950 5030
79960 5031
79970 5031
79980 5031
79990 5031
80000 5031
80010 5031
80020 5031
80030 5031
80040 5033
80050 5033
80060 5033
80070 5033
80080 5033
80090 5033
80100 5033
80110 5033
80120 5033
80130 5033
80140 5033
80150 5033
80160 5033
80170 5033
80180 5033
80190 5033
80200 5033
80210 5033
80220 5033
80230 5034
80240 5034
80250 5036
80260 5036
80270 5036
80280 5036
80290 5036
80300 5036
80310 5038
80320 5038
80330 5039
80340 5039
80350 5039
80360 5039
80370 5039
80380 5040
80390 5040
80400 5040
80410 5041
80420 5041
80430 5041
80440 5042
80450 5042
80460 5043
80470 5043
80480 5043
80490 5043
80500 5043
80510 5043
80520 5044
80530 5044
80540 5044
80550 5046
80560 5046
80570 5046
80580 5046
80590 5046
80600 5046
80610 5046
80620 5046
80630 5046
80640 5046
80650 5047
80660 5047
80670 5047
80680 5047
80690 5047
80700 5048
80710 5049
80720 5049
80730 5050
80740 5050
80750 5050
80760 5050
80770 5050
80780 5050
80790 5050
80800 5050
80810 5050
80820 5050
80830 5051
80840 5051
80850 5052
80860 5052
80870 5052
80880 5052
80890 5052
80900 5052
80910 5052
80920 5055
80930 5055
80940 5055
80950 5055
80960 5055
80970 5056
80980 5056
80990 5056
81000 5057
81010 5057
81020 5058
81030 5058
81040 5060
81050 5060
81060 5060
81070 5060
81080 5060
81090 5061
81100 5061
81110 5061
81120 5062
81130 5062
81140 5062
81150 5062
81160 5062
81170 5063
81180 5063
81190 5063
81200 5063
81210 5063
81220 5063
81230 5063
81240 5063
81250 5063
81260 5063
81270 5063
81280 5063
81290 5064
81300 5065
81310 5065
81320 5065
81330 5066
81340 5067
81350 5067
81360 5067
81370 5067
81380 5069
81390 5069
81400 5069
81410 5069
81420 5069
81430 5069
81440 5069
81450 5069
81460 5069
81470 5069
81480 5069
81490 5069
81500 5069
81510 5070
81520 5070
81530 5070
81540 5070
81550 5070
81560 5070
81570 5070
81580 5070
81590 5070
81600 5070
81610 5070
81620 5070
81630 5070
81640 5070
81650 5070
81660 5071
81670 5071
81680 5071
81690 5071
81700 5071
81710 5071
81720 5071
81730 5071
81740 5071
81750 5071
81760 5071
81770 5071
81780 5071
81790 5071
81800 5071
81810 5073
81820 5074
81830 5075
81840 5075
81850 5076
81860 5076
81870 5076
81880 5076
81890 5076
81900 5077
81910 5077
81920 5078
81930 5078
81940 5079
81950 5080
81960 5080
81970 5080
81980 5080
81990 5080
82000 5080
82010 5080
82020 5080
82030 5080
82040 5080
82050 5080
82060 5080
82070 5080
82080 5080
82090 5080
82100 5080
82110 5080
82120 5080
82130 5081
82140 5081
82150 5082
82160 5082
82170 5082
82180 5082
82190 5082
82200 5082
82210 5082
82220 5083
82230 5084
82240 5085
82250 5085
82260 5085
82270 5085
82280 5085
82290 5085
82300 5085
82310 5085
82320 5085
82330 5085
82340 5086
82350 5086
82360 5086
82370 5086
82380 5086
82390 5086
82400 5086
82410 5086
82420 5086
82430 5086
82440 5086
82450 5087
82460 5088
82470 5090
82480 5090
82490 5091
82500 5091
82510 5091
82520 5091
82530 5091
82540 5092
82550 5092
82560 5092
82570 5092
82580 5093
82590 5094
82600 5094
82610 5094
82620 5095
82630 5095
82640 5095
82650 5095
82660 5095
82670 5096
82680 5096
82690 5096
82700 5096
82710 5096
82720 5096
82730 5096
82740 5097
82750 5097
82760 5097
82770 5097
82780 5097
82790 5098
82800 5098
82810 5098
82820 5099
82830 5099
82840 5099
82850 5099
82860 5100
82870 5101
82880 5101
82890 5101
82900 5102
82910 5102
82920 5102
82930 5102
82940 5102
82950 5102
82960 5102
82970 5102
82980 5102
82990 5102
83000 5102
83010 5103
83020 5103
83030 5105
83040 5105
83050 5106
83060 5107
83070 5107
83080 5107
83090 5107
83100 5107
83110 5107
83120 5107
83130 5107
83140 5107
83150 5108
83160 5109
83170 5109
83180 5109
83190 5109
83200 5110
83210 5110
83220 5110
83230 5110
83240 5110
83250 5110
83260 5110
83270 5111
83280 5111
83290 5111
83300 5111
83310 5111
83320 5111
83330 5111
83340 5111
83350 5112
83360 5113
83370 5113
83380 5113
83390 5114
83400 5114
83410 5114
83420 5115
83430 5116
83440 5116
83450 5116
83460 5116
83470 5116
83480 5116
83490 5116
83500 5116
83510 5116
83520 5116
83530 5116
83540 5116
83550 5116
83560 5116
83570 5116
83580 5116
83590 5116
83600 5117
83610 5117
83620 5117
83630 5117
83640 5117
83650 5118
83660 5119
83670 5119
83680 5120
83690 5120
83700 5120
83710 5121
83720 5121
83730 5121
83740 5121
83750 5121
83760 5122
83770 5122
83780 5123
83790 5123
83800 5123
83810 5123
83820 5124
83830 5124
83840 5124
83850 5124
83860 5124
83870 5124
83880 5124
83890 5124
83900 5125
83910 5125
83920 5125
83930 5125
83940 5126
83950 5128
83960 5128
83970 5128
83980 5129
83990 5129
84000 5132
84010 5132
84020 5132
84030 5132
84040 5133
84050 5133
84060 5134
84070 5134
84080 5134
84090 5134
84100 5134
84110 5134
84120 5134
84130 5134
84140 5134
84150 5135
84160 5135
84170 5135
84180 5135
84190 5135
84200 5135
84210 5135
84220 5135
84230 5136
84240 5136
84250 5136
84260 5137
84270 5138
84280 5138
84290 5138
84300 5139
84310 5139
84320 5140
84330 5140
84340 5141
84350 5141
84360 5141
84370 5141
84380 5142
84390 5142
84400 5142
84410 5142
84420 5142
84430 5142
84440 5142
84450 5143
84460 5143
84470 5143
84480 5143
84490 5143
84500 5143
84510 5144
84520 5144
84530 5146
84540 5147
84550 5148
84560 5148
84570 5148
84580 5148
84590 5150
84600 5150
84610 5150
84620 5151
84630 5151
84640 5153
84650 5153
84660 5153
84670 5153
84680 5153
84690 5153
84700 5153
84710 5153
84720 5153
84730 5153
84740 5153
84750 5153
84760 5154
84770 5155
84780 5156
84790 5156
84800 5156
84810 5156
84820 5156
84830 5156
84840 5157
84850 5157
84860 5158
84870 5158
84880 5158
84890 5158
84900 5158
84910 5158
84920 5158
84930 5158
84940 5160
84950 5160
84960 5160
84970 5160
84980 5160
84990 5161
85000 5161
85010 5161
85020 5161
85030 5161
85040 5162
85050 5162
85060 5162
85070 5162
85080 5163
85090 5163
85100 5163
85110 5163
85120 5166
85130 5166
85140 5166
85150 5166
85160 5166
85170 5166
85180 5166
85190 5167
85200 5168
85210 5168
85220 5168
85230 5168
85240 5168
85250 5168
85260 5168
85270 5168
85275 5168
